Average Estimates for Betas: 
0.2532149 0.2588897 0.2445307 0.2580628 0.00907798
0.001989065 -0.004756904 -0.004657528 -0.01307509 -0.0140064
-0.005641367 0.0002030937 -0.003444924 0.01072873 0.004459784
-0.009978643 -0.003314753 -0.0004655003 0.009038255 -0.01430869
0.007040496 0.005470465 -0.008485507 0.0005464176 -0.001886434
0.002461471 -0.004427857 -0.009300525 0.003436687 0.007091673
Positive rate for exposures: 
0.95 0.95 0.89 0.93 0.04
0.06 0.07 0.09 0.05 0.11
0.09 0.13 0.05 0.09 0.07
0.08 0.06 0.08 0.1 0.08
0.07 0.07 0.09 0.08 0.08
0.07 0.06 0.07 0.08 0.09
Standard Deviations of Betas: 
0.06715463 0.07209071 0.07727679 0.07790594 0.05873077
0.07121334 0.06934842 0.06784465 0.06507268 0.07771031
0.06397214 0.08020745 0.056048 0.07013149 0.07282276
0.0730073 0.06316672 0.068737 0.06840687 0.0606704
0.06925993 0.06124321 0.06378684 0.06577432 0.06722347
0.06691295 0.06135424 0.06160777 0.06333621 0.07669987
Average StdErrors for Betas: 
0.05547262 0.05766782 0.05576522 0.05586773 0.0550513
0.05915947 0.05657342 0.05688299 0.05687364 0.05557481
0.05344515 0.05720575 0.0535506 0.05481533 0.05536214
0.05603446 0.0546493 0.05614515 0.05500524 0.0556223
0.05520808 0.05485796 0.05593681 0.05412734 0.05967378
0.05815574 0.05497839 0.05308447 0.05731982 0.05902915
Q-value positive rate for exposures: 
0.89 0.89 0.85 0.85 0
0.02 0.03 0.02 0.01 0.02
0.03 0.04 0.02 0.03 0.04
0.03 0 0.02 0.03 0.01
0 0.02 0.03 0.02 0.03
0.02 0.01 0.02 0.03 0.04
Precision/Recall/F1 based on p-values:
0.6492147 0.93 0.7646454
Precision/Recall/F1 based on Q-values:
0.8592593 0.87 0.8645963
Power at FPR threshold of 0.05: 
0.94 0.93 0.88 0.92
