Average Estimates for Betas: 
0.2122579 0.215391 0.1939843 0.2117142 -0.003239864
-0.01318955 0.01543786 0.01250911 -0.03165891 -0.01299992
-0.01130247 -0.01584239 -0.005073057 -0.01426168 0.005192212
-0.01046713 -0.008920267 0.006299363 0.01301717 -0.01683553
0.005370582 0.01154197 -0.006474587 -0.001928126 -0.001628344
0.01185528 -0.01272825 -0.002175915 0.02457598 0.01686285
Positive rate for exposures: 
0.73 0.73 0.7 0.7 0.02
0.07 0.02 0.02 0.03 0.03
0.04 0.05 0.05 0.02 0.04
0.04 0.02 0.05 0.04 0.04
0.04 0.01 0.01 0.02 0.05
0.02 0.04 0.06 0.05 0.03
Standard Deviations of Betas: 
0.1352167 0.1139466 0.1627449 0.1411463 0.1027487
0.1124938 0.1011635 0.1086113 0.1198679 0.11002
0.1071558 0.1245875 0.1295811 0.08871384 0.09911102
0.08942601 0.1063771 0.1130652 0.09568327 0.1058795
0.08507397 0.06279189 0.09081187 0.07979618 0.09619906
0.08914649 0.08880869 0.1181977 0.1211482 0.09607999
Average StdErrors for Betas: 
0.09080201 0.09301818 0.09460328 0.09179614 0.09258196
0.09347893 0.09152285 0.09365155 0.08573514 0.0873992
0.08654298 0.09243554 0.08829077 0.08688677 0.08571289
0.08489211 0.0869515 0.09356568 0.09225981 0.08518981
0.08762822 0.08362867 0.08884553 0.08218964 0.09577682
0.0909219 0.0826493 0.09264618 0.09609568 0.09986587
Q-value positive rate for exposures: 
0.53 0.5 0.51 0.52 0
0 0 0.01 0.01 0.01
0 0 0.01 0 0
0 0 0 0 0
0 0 0 0 0.01
0.01 0.01 0 0 0.01
Precision/Recall/F1 based on p-values:
0.7586207 0.715 0.7361647
Precision/Recall/F1 based on Q-values:
0.9626168 0.515 0.6710098
Power at FPR threshold of 0.05: 
0.75 0.74 0.72 0.74
