Average Estimates for Betas: 
0.2150126 0.2242456 0.1969622 0.2250013 0.0001949559
-0.01523248 0.01054609 0.004497169 -0.02176744 -0.01800878
-0.007184169 -0.004854332 -0.00620051 -0.00661862 0.00337549
-0.01100514 -0.01062042 0.007899611 0.01854135 -0.01662829
0.007291428 0.01565672 -0.007659585 -0.0005589142 0.003985732
0.006344675 -0.01083536 -0.00494691 0.01220229 0.01565325
Positive rate for exposures: 
0.81 0.8 0.75 0.8 0.05
0.08 0.04 0.03 0.03 0.06
0.06 0.06 0.05 0.04 0.03
0.06 0.07 0.05 0.09 0.05
0.08 0.03 0.05 0.07 0.05
0.04 0.05 0.08 0.05 0.03
Standard Deviations of Betas: 
0.1201076 0.09897149 0.1424954 0.1178852 0.09064755
0.1069921 0.08222802 0.08539257 0.09188251 0.101303
0.08891992 0.08653444 0.09959319 0.07774964 0.08080831
0.08545905 0.1000452 0.09097125 0.09791476 0.08870491
0.0816404 0.05278555 0.07222525 0.08624889 0.08618428
0.08133707 0.07905954 0.1009774 0.09465605 0.08331847
Average StdErrors for Betas: 
0.07191435 0.07325063 0.07454016 0.07299886 0.07835348
0.07747139 0.07526297 0.07664708 0.06982679 0.07068658
0.07135405 0.07714405 0.07273979 0.07024489 0.07013394
0.06769719 0.07116715 0.07716315 0.07661957 0.06899972
0.07187586 0.06770075 0.07223558 0.06593869 0.07943319
0.07483612 0.0661582 0.07669396 0.08099793 0.08444542
Q-value positive rate for exposures: 
0.69 0.71 0.69 0.69 0
0.01 0 0.01 0.02 0.01
0.02 0 0.01 0 0
0.03 0.01 0 0 0.01
0 0 0 0 0.01
0.01 0.01 0.04 0.01 0
Precision/Recall/F1 based on p-values:
0.6960352 0.79 0.7400468
Precision/Recall/F1 based on Q-values:
0.9297659 0.695 0.795422
Power at FPR threshold of 0.05: 
0.8 0.79 0.75 0.8
