Average Estimates for Betas: 
0.2562436 0.2568449 0.2508727 0.2484369 0.002986148
0.0005374254 -0.00185067 -0.002045454 -0.0175992 -0.01545362
-0.005147308 0.004017536 -0.007366293 0.01307036 -0.002674691
-0.01354578 -0.002227855 -0.003339819 0.0008019584 -0.009402751
0.002979526 -0.002724172 -0.01368292 -0.001030339 -0.008547527
0.008003076 -0.01292283 -0.009624129 0.007982091 0.00285375
Positive rate for exposures: 
0.87 0.86 0.84 0.81 0.04
0.03 0.04 0.06 0.06 0.03
0.02 0.09 0.04 0.06 0.04
0.03 0.04 0.05 0.05 0.02
0.06 0.03 0.07 0.04 0.07
0.04 0.04 0.02 0.06 0.08
Standard Deviations of Betas: 
0.0785326 0.08559407 0.09313182 0.1018405 0.07152451
0.07682617 0.0843895 0.08120747 0.08613835 0.08999398
0.07017305 0.09545671 0.06577858 0.08785056 0.08892157
0.07689529 0.06810104 0.08816507 0.08049532 0.06256556
0.07544231 0.06802666 0.07824782 0.07234908 0.09491097
0.07890493 0.07395194 0.0670541 0.07289448 0.08572898
Average StdErrors for Betas: 
0.07371765 0.07603034 0.07457094 0.07380433 0.06957577
0.07411748 0.07188587 0.07228328 0.0715196 0.07103493
0.06854892 0.07236878 0.06824443 0.07041119 0.06972529
0.07115731 0.06977569 0.07172551 0.07102605 0.07114387
0.07002599 0.06913756 0.07115639 0.06910578 0.07514434
0.07329758 0.06971925 0.06805765 0.07288741 0.07515851
Q-value positive rate for exposures: 
0.74 0.74 0.74 0.69 0
0.01 0.02 0 0.01 0.02
0.01 0.03 0 0.01 0.03
0 0 0.01 0.01 0
0 0 0.02 0.01 0.03
0.01 0 0 0.02 0
Precision/Recall/F1 based on p-values:
0.7363834 0.845 0.7869616
Precision/Recall/F1 based on Q-values:
0.9208861 0.7275 0.8128492
Power at FPR threshold of 0.05: 
0.87 0.87 0.85 0.82
