Average Estimates for Betas: 
0.01520293 0.01914791 0.0509923 0.07529035 0.002670267
0.002107296 -0.00285491 -0.002470463 0.002702673 0.007229022
-0.004688103 -0.005088185 0.004715785 -0.0003837974 -0.005436287
0.003006069 -0.0005772587 -0.005277185 0.004783861 0.008837103
-0.003157176 -0.004957715 -0.004538991 0.001651659 0.003984847
-0.005962263 0.002137172 0.0006797798 -0.001976766 -0.002098259
Positive rate for exposures: 
0.3125 0.425 0.625 0.85 0.375
0.275 0.3875 0.4125 0.2875 0.3
0.3875 0.4 0.325 0.3875 0.4125
0.4125 0.4125 0.3375 0.425 0.3125
0.375 0.375 0.375 0.3375 0.3625
0.3125 0.3375 0.3625 0.225 0.3
Standard Deviations of Betas: 
0.0352717 0.03175399 0.04703044 0.04077805 0.0375933
0.03357812 0.0386948 0.03467335 0.02977997 0.03240209
0.03779809 0.03719143 0.03183703 0.03361817 0.03587562
0.03960266 0.03518104 0.03398301 0.03589321 0.03609795
0.03445353 0.0303501 0.03597043 0.03554215 0.03468101
0.03691264 0.02891307 0.03584282 0.02592217 0.03128726
Average StdErrors for Betas: 
0.01574474 0.01567744 0.01572076 0.01560138 0.01548115
0.01570393 0.01564583 0.01560596 0.0155223 0.01572807
0.01562959 0.01573669 0.01557895 0.01574794 0.01567784
0.01565089 0.01560237 0.01557077 0.01560045 0.01567854
0.01552611 0.01550879 0.01573118 0.01577328 0.01570253
0.01562647 0.01564682 0.01575647 0.01568092 0.01552797
Q-value positive rate for exposures: 
0.25 0.3125 0.55 0.825 0.25
0.2 0.275 0.3 0.2125 0.2125
0.3 0.325 0.2375 0.2875 0.2875
0.325 0.3125 0.25 0.35 0.275
0.3 0.2125 0.225 0.3 0.2375
0.275 0.225 0.25 0.1375 0.2125
Precision/Recall/F1 based on p-values:
0.1936543 0.553125 0.286872
Precision/Recall/F1 based on Q-values:
0.2223816 0.484375 0.3048181
Power at FPR threshold of 0.05: 
0.075 0.0625 0.375 0.625
