Average Estimates for Betas: 
0.01418885 0.01858628 0.04821541 0.06740572 0.002295056
0.00198522 -0.002757304 0.0006359211 0.001633442 0.005298108
0.0003253012 -0.003512392 0.003462085 0.0001240253 -0.003810006
0.001543628 -0.00156158 -0.002406272 0.004798034 0.006933167
-0.002649003 -0.005318179 -0.001864866 0.001824868 0.003833014
-0.005231806 0.002590136 -0.0009794949 -0.002424359 -0.0009649274
Positive rate for exposures: 
0.325 0.4 0.65 0.8375 0.2625
0.2875 0.3 0.3375 0.2375 0.275
0.2875 0.2875 0.25 0.4 0.2875
0.3375 0.3875 0.2625 0.2875 0.225
0.2375 0.1875 0.25 0.3125 0.3
0.2625 0.2875 0.2625 0.2125 0.2
Standard Deviations of Betas: 
0.0314374 0.02900697 0.04081226 0.03515736 0.03058236
0.03075384 0.03173553 0.03068716 0.02545196 0.02916064
0.02782196 0.03150853 0.02727912 0.03017792 0.03013846
0.03169454 0.02977128 0.03218194 0.03093013 0.02796027
0.02833871 0.02399518 0.0280487 0.0298965 0.02966679
0.029212 0.02717938 0.02767045 0.0231197 0.02580319
Average StdErrors for Betas: 
0.01595617 0.01586453 0.01590448 0.01595616 0.01581405
0.0159549 0.01588791 0.01585294 0.01576076 0.0159877
0.01586856 0.01603788 0.01582857 0.01597236 0.015952
0.01593645 0.01585462 0.01596792 0.01586262 0.0159579
0.01579129 0.01577805 0.01595962 0.01603436 0.01590337
0.01589228 0.01580297 0.01617373 0.01597599 0.01582514
Q-value positive rate for exposures: 
0.1875 0.225 0.5375 0.7625 0.175
0.1375 0.175 0.225 0.0875 0.1625
0.1625 0.2 0.1375 0.175 0.1875
0.225 0.1875 0.2125 0.2 0.15
0.175 0.125 0.15 0.2125 0.1625
0.175 0.15 0.125 0.1125 0.1125
Precision/Recall/F1 based on p-values:
0.2344371 0.553125 0.3293023
Precision/Recall/F1 based on Q-values:
0.2848233 0.428125 0.3420724
Power at FPR threshold of 0.05: 
0.1 0.1125 0.4375 0.65
