Average Estimates for Betas: 
0.02023489 0.02614485 0.05009857 0.06516003 0.002214662
0.003340862 -0.00308249 -0.002134977 0.001272835 0.004408201
-0.0001078471 0.004161291 -0.001690756 -0.002674936 -0.001144758
-3.844673e-06 0.001671613 -0.001957975 0.002186476 0.0001516932
-7.96453e-05 -0.00255082 0.0005167615 -0.001084321 0.004539617
0.00129127 0.001621824 0.00105034 6.102807e-05 0.001402393
Positive rate for exposures: 
0.25 0.375 0.675 0.8375 0.1
0.175 0.2 0.1375 0.1 0.125
0.075 0.15 0.1 0.175 0.15
0.1375 0.15 0.0875 0.175 0.1875
0.0875 0.1 0.15 0.1625 0.15
0.1125 0.175 0.125 0.05 0.1875
Standard Deviations of Betas: 
0.02402065 0.02880033 0.03125411 0.03325931 0.02068537
0.02436443 0.02683922 0.02304216 0.01988163 0.02344114
0.02159492 0.02350009 0.02291269 0.02537231 0.02436598
0.02487821 0.02399721 0.02153901 0.0267754 0.02547574
0.02331999 0.02461163 0.02502936 0.02493641 0.02403289
0.02495146 0.02366613 0.02476919 0.02043925 0.0231142
Average StdErrors for Betas: 
0.01815791 0.01825109 0.01869721 0.01911619 0.01812766
0.01811832 0.01802475 0.01802578 0.01794054 0.01816669
0.01805919 0.01811689 0.01804501 0.0180978 0.01815534
0.01808582 0.01808216 0.01823144 0.01802846 0.01809511
0.01790667 0.01804745 0.01807963 0.0182232 0.01797548
0.01815128 0.0179365 0.01830425 0.01816248 0.01793539
Q-value positive rate for exposures: 
0.1 0.1875 0.45 0.6125 0
0.05 0.05 0.05 0 0.05
0 0.0375 0.025 0.0375 0.05
0.0375 0.025 0.025 0.05 0.0125
0.05 0.0375 0.075 0.0375 0.025
0.025 0.0625 0.0625 0.0125 0.025
Precision/Recall/F1 based on p-values:
0.3774834 0.534375 0.4424321
Precision/Recall/F1 based on Q-values:
0.5966851 0.3375 0.4311377
Power at FPR threshold of 0.05: 
0.125 0.275 0.5 0.6625
