Average Estimates for Betas: 
0.02415066 0.02508078 0.05404837 0.07831278 0.00481377
0.004473642 -0.002460408 -0.003509679 0.002525209 0.005832209
-0.003999649 0.0004985642 0.0008005359 -0.00316802 -0.001152165
0.001857639 0.001052643 -0.005984544 0.002464424 0.002286801
-0.001798299 -0.001730295 -0.002234295 -0.0004278911 0.004128059
-0.001482304 0.001421476 0.003440281 0.0001733888 0.00191345
Positive rate for exposures: 
0.375 0.4 0.6875 0.8625 0.2375
0.175 0.25 0.2375 0.175 0.25
0.2375 0.3 0.2625 0.2375 0.275
0.3 0.275 0.2 0.2875 0.25
0.1875 0.2875 0.25 0.2625 0.225
0.325 0.175 0.2125 0.175 0.225
Standard Deviations of Betas: 
0.03362264 0.03248451 0.04300129 0.03980339 0.033466
0.03089101 0.03521829 0.02960747 0.02623705 0.02954855
0.03657407 0.03310888 0.03117472 0.0303126 0.03166197
0.03697666 0.03386573 0.02911848 0.03403847 0.03209034
0.03067101 0.03514345 0.03244341 0.0327594 0.03097732
0.03579927 0.02644878 0.03474488 0.02760096 0.03304772
Average StdErrors for Betas: 
0.01785725 0.0179989 0.01842306 0.01866643 0.01773184
0.01784442 0.01775425 0.01766158 0.01757821 0.01785652
0.01777928 0.01775279 0.01770037 0.01779458 0.01783238
0.01772807 0.01776695 0.01774121 0.0176814 0.01774688
0.01761824 0.01766494 0.01781378 0.01791321 0.01775087
0.01775218 0.01778715 0.01782239 0.01783858 0.01754083
Q-value positive rate for exposures: 
0.1875 0.2875 0.55 0.8 0.1375
0.1125 0.1875 0.1375 0.0625 0.15
0.15 0.15 0.1875 0.1375 0.175
0.1625 0.175 0.1125 0.175 0.1375
0.15 0.1625 0.125 0.15 0.1625
0.175 0.0875 0.1625 0.1125 0.1625
Precision/Recall/F1 based on p-values:
0.2703488 0.58125 0.3690476
Precision/Recall/F1 based on Q-values:
0.3244444 0.45625 0.3792208
Power at FPR threshold of 0.05: 
0.1125 0.1125 0.35 0.575
