Average Estimates for Betas: 
0.09141012 0.06138877 0.08266646 0.09255189 0.001641689
-0.001431463 0.005171428 -0.0001209322 0.0005720144 -0.00111381
0.0002933154 0.006285678 -0.007584794 0.002381333 0.01450363
-0.005427242 0.0008276747 0.003973675 0.01076538 -0.01481604
-0.00789652 -0.0006032963 0.01416466 -0.004367546 0.001614299
-0.001215537 -0.007382878 0.007008569 0.005687549 0.001080666
Positive rate for exposures: 
0.31 0.22 0.27 0.21 0.03
0.01 0.02 0.07 0.02 0.07
0.03 0.08 0.01 0.03 0.05
0.03 0.04 0.02 0.04 0.04
0.01 0.06 0.06 0.02 0.05
0.03 0.03 0.03 0.02 0.04
Standard Deviations of Betas: 
0.103004 0.1066665 0.1118628 0.0849032 0.09975346
0.08160614 0.08140692 0.1122399 0.1015787 0.1131897
0.09426313 0.08676803 0.08913064 0.07222201 0.09884487
0.1000774 0.1026525 0.08484952 0.09542017 0.09613077
0.08366197 0.1005463 0.1070366 0.09808435 0.09557728
0.0881082 0.0981373 0.09443486 0.08338503 0.09443081
Average StdErrors for Betas: 
0.07882531 0.08411705 0.08365905 0.07857551 0.08111708
0.07876751 0.08114152 0.0854555 0.08154532 0.08426378
0.08119826 0.07791713 0.08534262 0.07893092 0.08018443
0.08183862 0.08735402 0.07309895 0.08009127 0.08006854
0.07961142 0.08234571 0.08205251 0.08463396 0.08672607
0.078585 0.08505857 0.08194292 0.08027966 0.0796487
Q-value positive rate for exposures: 
0.04 0 0.04 0.02 0
0 0 0 0.01 0.01
0 0 0 0 0
0 0 0 0 0
0.01 0 0 0 0
0.01 0 0 0 0
Precision/Recall/F1 based on p-values:
0.5179487 0.2525 0.3394958
Precision/Recall/F1 based on Q-values:
0.7142857 0.025 0.04830918
Power at FPR threshold of 0.05: 
0.33 0.26 0.32 0.23
