Average Estimates for Betas: 
0.09784341 0.08277671 0.09103989 0.08090161 -0.0008393805
-0.006713659 0.007368425 0.00366375 0.00314164 -0.001396261
0.005887903 0.005922031 -0.005966466 0.005668985 0.008981716
-0.009497815 -0.003463989 -0.002358587 0.01048465 -0.002889035
0.009093848 0.009970121 -0.01026122 -0.0003675204 -0.01275196
-0.005517271 -0.005347423 -0.006409324 0.003747061 0.002997495
Positive rate for exposures: 
0.54 0.46 0.56 0.37 0.05
0.09 0.05 0.12 0.18 0.08
0.09 0.1 0.11 0.06 0.08
0.06 0.08 0.07 0.11 0.07
0.11 0.1 0.07 0.09 0.12
0.06 0.07 0.1 0.05 0.1
Standard Deviations of Betas: 
0.06845056 0.0654622 0.07339438 0.04864428 0.05527883
0.06103971 0.05414631 0.0639543 0.06445643 0.06624466
0.05994083 0.05699925 0.0631969 0.05679815 0.05208711
0.06117237 0.06666605 0.05645901 0.06662434 0.06822183
0.07057393 0.0690565 0.06259384 0.05782592 0.07812513
0.05449337 0.0631044 0.06160901 0.06304639 0.06244032
Average StdErrors for Betas: 
0.04777714 0.05072561 0.05029113 0.04937833 0.05031923
0.04897772 0.05187084 0.04871374 0.04864356 0.050722
0.04622181 0.04945102 0.05262584 0.05054522 0.04706449
0.04923367 0.05167334 0.04871733 0.05043899 0.04937844
0.04963329 0.0530784 0.05001721 0.0509435 0.05201989
0.04983939 0.05093923 0.04861816 0.0513807 0.04922989
Q-value positive rate for exposures: 
0.27 0.15 0.28 0.15 0.01
0 0 0.01 0.02 0.01
0.03 0.01 0.02 0 0.01
0.02 0 0.02 0 0.03
0.04 0.03 0 0 0.03
0.01 0.01 0.02 0.02 0.02
Precision/Recall/F1 based on p-values:
0.4595238 0.4825 0.4707317
Precision/Recall/F1 based on Q-values:
0.6967213 0.2125 0.3256705
Power at FPR threshold of 0.05: 
0.42 0.36 0.47 0.26
