Average Estimates for Betas: 
0.08611118 0.05920309 0.08020871 0.08259958 0.005232104
-0.001216362 0.011498 -0.0005735077 -0.006935844 -0.007436082
0.003515814 0.006987002 -0.001497552 0.001777241 0.01185698
-0.005563909 0.003067864 0.005974911 0.008059937 -0.008765114
-0.0007476916 -0.000305521 0.006610418 -1.329136e-05 -3.591462e-05
-0.008429387 -0.006528336 -0.002374507 0.005065265 -0.001179666
Positive rate for exposures: 
0.42 0.4 0.45 0.38 0.04
0.06 0.02 0.13 0.04 0.03
0.03 0.04 0.03 0.04 0.05
0.06 0.04 0.07 0.05 0.06
0.08 0.06 0.06 0.02 0.04
0.1 0.05 0.04 0.02 0.05
Standard Deviations of Betas: 
0.09027457 0.09149151 0.08825549 0.05623368 0.07996989
0.07588525 0.07288699 0.09874145 0.08659557 0.08573659
0.07556381 0.07075018 0.07059466 0.06018264 0.07906315
0.07985162 0.07923898 0.0734517 0.06990271 0.07866619
0.07139157 0.08500505 0.09040222 0.07369656 0.08124487
0.07866627 0.07986812 0.07964346 0.06357737 0.07546616
Average StdErrors for Betas: 
0.06433326 0.06755565 0.06728785 0.06270175 0.06588769
0.06350029 0.06561608 0.0706658 0.06608925 0.06913105
0.06796466 0.06208078 0.07017668 0.06196632 0.06641387
0.06650029 0.07190648 0.05833569 0.06431254 0.0647275
0.06388036 0.0661513 0.06797268 0.07025006 0.07096893
0.06360594 0.0697485 0.06711258 0.06436906 0.06351069
Q-value positive rate for exposures: 
0.15 0.12 0.12 0.06 0.01
0 0 0.01 0 0.01
0 0.01 0 0 0.01
0 0.01 0.01 0 0.01
0 0 0 0 0.01
0.01 0 0.01 0.01 0
Precision/Recall/F1 based on p-values:
0.5574324 0.4125 0.4741379
Precision/Recall/F1 based on Q-values:
0.7894737 0.1125 0.1969365
Power at FPR threshold of 0.05: 
0.42 0.4 0.45 0.38
