Average Estimates for Betas: 
0.09800943 0.0801748 0.09022343 0.08614052 0.006981293
-0.009689205 0.005757249 -0.003915282 0.008371476 -0.001009323
0.00667272 0.006070383 -0.001151579 0.006521326 0.002647089
-0.0088624 -0.001073711 -0.003134676 0.01236729 -0.01296423
0.005300829 0.004490458 -0.0108139 0.0008228798 -0.01365682
-0.008757259 -0.006462746 -0.002073259 0.0005611913 0.008474185
Positive rate for exposures: 
0.34 0.29 0.35 0.25 0.01
0.02 0.02 0.05 0.09 0.07
0.09 0.06 0.06 0.05 0.05
0.08 0.04 0.06 0.07 0.08
0.09 0.1 0.05 0.06 0.1
0.05 0.07 0.03 0.04 0.08
Standard Deviations of Betas: 
0.0746439 0.07537828 0.07210131 0.05845669 0.05958907
0.06485624 0.06548393 0.07651484 0.07952304 0.07842708
0.07105675 0.07104963 0.07479724 0.0636643 0.0565617
0.07144134 0.07747883 0.07418829 0.0884612 0.07772655
0.08325599 0.07981281 0.08094937 0.06641759 0.08800282
0.06052709 0.073547 0.06864073 0.06946014 0.07922978
Average StdErrors for Betas: 
0.06202336 0.06634904 0.06555774 0.06478853 0.06447638
0.06349494 0.06560957 0.0627285 0.06384727 0.06493462
0.05982322 0.06526538 0.06679207 0.06557049 0.06075054
0.06344657 0.066666 0.06236016 0.06512918 0.06417665
0.06438247 0.06814634 0.06425164 0.06505064 0.0666325
0.06397517 0.06484016 0.06296115 0.06609961 0.06395065
Q-value positive rate for exposures: 
0.1 0.03 0.1 0.03 0
0 0 0.01 0.01 0.01
0.01 0 0.02 0 0
0 0 0.02 0 0
0.02 0 0.02 0 0.01
0 0.01 0.01 0.01 0.02
Precision/Recall/F1 based on p-values:
0.4392857 0.3075 0.3617647
Precision/Recall/F1 based on Q-values:
0.5909091 0.065 0.1171171
Power at FPR threshold of 0.05: 
0.3 0.22 0.33 0.24
