Average Estimates for Betas: 
0.03405251 0.07537909 0.1633252 0.2111853 -0.01950525
0.006034568 0.0007883574 -0.008674781 -0.003469368 0.009055914
0.01936404 0.01953343 -0.01137543 -0.001734337 -0.01301315
0.005858435 -0.01430365 0.007842804 -0.01089624 -0.01401562
-0.01199967 0.03157429 0.0003847073 0.001269781 -0.005285697
-0.003704228 0.002228038 -0.02127563 -0.008946438 0.002268978
Positive rate for exposures: 
0.08 0.2 0.54 0.63 0.07
0.05 0.02 0.05 0.04 0.04
0.02 0.05 0.03 0.07 0.01
0.06 0.07 0.1 0.03 0.05
0.05 0.06 0.04 0.06 0.05
0.1 0.04 0.07 0.02 0.06
Standard Deviations of Betas: 
0.09391725 0.09772903 0.1079586 0.1622939 0.1261422
0.1087183 0.1320536 0.1247446 0.105911 0.1167255
0.1012133 0.1090462 0.1257659 0.155587 0.1073309
0.1102936 0.1483582 0.1171238 0.09762138 0.1499941
0.09541071 0.1340984 0.1158181 0.1610596 0.1174905
0.1628335 0.1011938 0.148537 0.1225623 0.1214054
Average StdErrors for Betas: 
0.09927659 0.1029401 0.1022069 0.1095182 0.1010639
0.1042661 0.1050622 0.1116431 0.1044688 0.1052366
0.1099728 0.1008187 0.1027537 0.1054126 0.1089817
0.1043919 0.1089589 0.09203557 0.102666 0.1144687
0.1028558 0.1067665 0.1034843 0.1148151 0.1066078
0.1146159 0.102867 0.1096394 0.1122195 0.1081799
Q-value positive rate for exposures: 
0.02 0.06 0.24 0.44 0.01
0 0.01 0 0.01 0.01
0 0.01 0.01 0.01 0.01
0 0.01 0 0.01 0.01
0.01 0.02 0.01 0.02 0.01
0.01 0 0.01 0 0.01
Precision/Recall/F1 based on p-values:
0.5253623 0.3625 0.4289941
Precision/Recall/F1 based on Q-values:
0.7835052 0.19 0.305835
Power at FPR threshold of 0.05: 
0.08 0.2 0.54 0.63
