Average Estimates for Betas: 
0.05302848 0.09157477 0.1716126 0.2451415 -0.003269145
0.005399401 -0.006754332 0.006006656 -0.01615798 0.006794512
0.009026578 0.007073238 -0.01219319 -0.01028334 0.002056369
-0.0002762759 -0.00942863 0.008997957 -0.00655347 -0.003363417
-0.01224068 0.007455017 -0.001955397 0.008745384 -0.004522398
-0.00865002 -0.005236373 -0.01502659 -0.01291563 0.002323975
Positive rate for exposures: 
0.1 0.28 0.69 0.75 0.05
0.05 0.01 0.06 0.04 0.04
0.05 0.05 0.05 0.07 0.05
0.07 0.07 0.06 0.03 0.03
0.06 0.04 0.07 0.03 0.03
0.04 0.05 0.07 0.03 0.03
Standard Deviations of Betas: 
0.07219547 0.07333049 0.07260326 0.09078493 0.07227777
0.07596751 0.07546493 0.07368366 0.08103961 0.07626352
0.07695341 0.0747202 0.08459497 0.07779509 0.08396049
0.0735951 0.09273643 0.06432883 0.05935508 0.06898009
0.0712652 0.07875045 0.0778273 0.06695883 0.07294505
0.08673745 0.06896776 0.08375165 0.0802741 0.07099101
Average StdErrors for Betas: 
0.07162668 0.07132702 0.0739231 0.07748949 0.07368507
0.07135262 0.07321064 0.07183285 0.07528167 0.07246806
0.07854236 0.07354217 0.07479389 0.07001666 0.0771287
0.07172427 0.07243504 0.06641127 0.07238873 0.07192063
0.07426224 0.07440203 0.07127239 0.07459925 0.07637746
0.07797586 0.07322504 0.07797576 0.0756479 0.07397715
Q-value positive rate for exposures: 
0.02 0.08 0.37 0.6 0.01
0 0.01 0 0.01 0.01
0 0.01 0.01 0.02 0
0.01 0.01 0.01 0.01 0.01
0.02 0.02 0.01 0.01 0.01
0.01 0 0 0.01 0.01
Precision/Recall/F1 based on p-values:
0.5967213 0.455 0.5163121
Precision/Recall/F1 based on Q-values:
0.8230769 0.2675 0.4037736
Power at FPR threshold of 0.05: 
0.1 0.29 0.7 0.75
