Average Estimates for Betas: 
0.03429709 0.07686513 0.1699215 0.2188897 -0.01019311
0.00165204 -0.008194643 -0.002173856 0.006371664 0.001767784
0.007080073 0.002553915 0.0009406107 -0.007079407 -0.008337653
0.01582247 0.0006794042 0.003090808 -0.01269757 -0.004840071
-0.0003064898 0.02047443 -0.002795743 0.01478833 0.008672014
0.009147608 0.009044714 -0.00782452 -0.01077333 0.005368264
Positive rate for exposures: 
0.08 0.19 0.64 0.64 0.02
0.05 0.05 0.04 0.01 0.04
0.03 0.06 0.03 0.03 0.02
0.09 0.06 0.04 0.04 0.06
0.02 0.07 0.05 0.04 0.02
0.04 0.07 0.08 0.06 0.05
Standard Deviations of Betas: 
0.08872275 0.08452289 0.0907755 0.1380469 0.08770238
0.1148171 0.1115003 0.1071398 0.08282695 0.117817
0.09067013 0.09025171 0.08893491 0.1090276 0.08968123
0.1272674 0.1155673 0.1084809 0.09560536 0.1362462
0.0912574 0.1143089 0.09622073 0.1106915 0.100968
0.1136475 0.09014005 0.1268865 0.1019446 0.1041375
Average StdErrors for Betas: 
0.08411235 0.08978479 0.08842342 0.09750028 0.08576197
0.09045653 0.09057874 0.09386342 0.08985756 0.09057768
0.09274078 0.08769901 0.08944911 0.08931921 0.09036622
0.08863073 0.09257617 0.08132927 0.0871857 0.09610729
0.08720004 0.09035228 0.08919422 0.09513117 0.09151179
0.09911107 0.0887834 0.09413218 0.09581643 0.09196631
Q-value positive rate for exposures: 
0.02 0.03 0.24 0.44 0
0 0 0 0 0.01
0 0 0 0 0
0.01 0 0.01 0 0.02
0 0 0.01 0 0.01
0 0 0.02 0 0
Precision/Recall/F1 based on p-values:
0.5698529 0.3875 0.4613095
Precision/Recall/F1 based on Q-values:
0.8902439 0.1825 0.3029046
Power at FPR threshold of 0.05: 
0.08 0.2 0.66 0.65
