Average Estimates for Betas: 
0.04381542 0.0946278 0.1728305 0.2460171 0.001229612
0.006717783 -0.005183503 0.006111074 -0.003620457 0.007143916
0.01128968 0.001256536 -0.007787352 -0.002706137 -0.004067983
-0.002729407 0.002696213 0.000748304 -0.006410552 0.002611507
-0.007161205 -0.00281598 -0.00291376 0.01186291 -0.001618229
-0.00781698 -0.006446996 -0.01237208 -0.01601652 0.0002855396
Positive rate for exposures: 
0.09 0.26 0.76 0.77 0.01
0.02 0.03 0.04 0.01 0.01
0.04 0.02 0.03 0.02 0.03
0.06 0 0.01 0.01 0.04
0.02 0.03 0.04 0.01 0.02
0.01 0.02 0.05 0.06 0.04
Standard Deviations of Betas: 
0.05385863 0.06489679 0.05891768 0.0835907 0.0606017
0.06546145 0.06672858 0.07037679 0.06541231 0.06426505
0.06865007 0.06378724 0.07625507 0.05852491 0.07053193
0.07478571 0.06268048 0.05226766 0.05231504 0.06838807
0.06301246 0.06984924 0.06320594 0.06196362 0.06359187
0.07711338 0.05983777 0.09074218 0.06706372 0.06604921
Average StdErrors for Betas: 
0.06515142 0.06566243 0.0674848 0.0740458 0.06627666
0.06605481 0.06727161 0.06559825 0.06916348 0.06615159
0.06983172 0.067395 0.0690263 0.06453045 0.0675898
0.06497487 0.06705388 0.06071106 0.06496098 0.06572996
0.06641578 0.06730117 0.06499442 0.06761226 0.06874089
0.07278589 0.06588585 0.07087843 0.06971416 0.06823802
Q-value positive rate for exposures: 
0.01 0.05 0.42 0.62 0
0 0 0 0 0.01
0 0 0.01 0 0
0 0 0 0 0
0 0 0 0 0
0 0 0.01 0 0
Precision/Recall/F1 based on p-values:
0.734375 0.47 0.5731707
Precision/Recall/F1 based on Q-values:
0.9734513 0.275 0.4288499
Power at FPR threshold of 0.05: 
0.1 0.4 0.8 0.85
