Average Estimates for Betas: 
0.04314053 0.0859452 0.1715208 0.2554798 -0.0143082
0.0103332 -0.02858093 0.008035027 0.02263313 -0.003300464
-0.01107326 -0.008288263 -9.76444e-05 0.005587309 0.004853956
0.01423674 -0.001334797 0.002231906 -0.01594971 -0.008156786
0.0148628 0.009034377 -0.01732504 0.005658781 0.002367422
0.004014943 -0.01424202 -0.00142885 -0.002818289 -0.002811186
Positive rate for exposures: 
0.17 0.25 0.69 0.89 0.07
0.11 0.05 0.05 0.11 0.13
0.07 0.08 0.06 0.11 0.11
0.07 0.03 0.09 0.08 0.1
0.07 0.09 0.07 0.13 0.05
0.12 0.11 0.1 0.12 0.06
Standard Deviations of Betas: 
0.09188272 0.08679439 0.09734313 0.09382893 0.09339006
0.09922688 0.1001406 0.08288457 0.1054913 0.1002069
0.09010987 0.09976555 0.08206663 0.09566194 0.1170726
0.09896082 0.08580223 0.0926184 0.108948 0.08586563
0.08635386 0.08767421 0.08289024 0.1124495 0.08687661
0.1028401 0.1043391 0.1009882 0.1154238 0.0995519
Average StdErrors for Betas: 
0.07032387 0.07025985 0.07093361 0.07218273 0.06945952
0.07345294 0.07133098 0.07099836 0.07419638 0.07084071
0.06998862 0.07075882 0.06690203 0.07173564 0.07345948
0.07486092 0.0728596 0.07127297 0.07033372 0.06922371
0.07239089 0.06880446 0.07031796 0.07172467 0.0686251
0.07004541 0.07304894 0.07081202 0.07411563 0.07105212
Q-value positive rate for exposures: 
0.03 0.04 0.45 0.72 0.04
0.01 0.01 0.03 0.03 0.04
0.01 0.03 0.02 0.02 0.02
0.02 0.01 0.01 0.02 0.01
0.02 0.02 0.01 0.03 0.03
0.04 0.03 0.04 0.04 0.02
Precision/Recall/F1 based on p-values:
0.4716981 0.5 0.4854369
Precision/Recall/F1 based on Q-values:
0.6702703 0.31 0.4239316
Power at FPR threshold of 0.05: 
0.08 0.15 0.63 0.81
