Average Estimates for Betas: 
0.05016969 0.08404638 0.1370527 0.2127313 -0.01051269
0.01733272 -0.009476766 -0.006155113 0.01110409 0.007585809
-0.006707295 0.009084895 -0.0008241133 0.003084425 -0.003889705
-0.006841904 -0.00656012 0.008423441 -0.01879902 0.0008230126
0.007778944 -0.01292785 -0.01736857 0.01735889 0.006185527
0.03069087 0.0009571981 0.008270427 -0.006835558 -0.009860297
Positive rate for exposures: 
0.19 0.35 0.73 0.76 0.07
0.05 0.08 0.03 0.04 0.06
0.04 0.12 0.03 0.07 0.07
0.06 0.04 0.04 0.03 0.02
0.1 0.05 0.06 0.07 0.07
0.11 0.05 0.06 0.05 0.08
Standard Deviations of Betas: 
0.06890612 0.09320537 0.110236 0.1296048 0.07857372
0.08142086 0.09165377 0.07475501 0.1054638 0.09227542
0.07987493 0.1078121 0.08087378 0.106189 0.1010908
0.1123688 0.1094461 0.09267917 0.08504571 0.08159096
0.1016374 0.09006818 0.07799942 0.09848062 0.07494152
0.1105739 0.0852772 0.09400815 0.1036545 0.08479268
Average StdErrors for Betas: 
0.06952646 0.07057209 0.06930548 0.07403844 0.0705909
0.07531336 0.07849933 0.06861882 0.0794043 0.07856138
0.07449017 0.07291966 0.07092931 0.06770617 0.07488102
0.07375627 0.07496528 0.0726497 0.06940361 0.07439122
0.07661633 0.0701513 0.0709004 0.07305622 0.07080943
0.07700566 0.07457152 0.07718328 0.07847629 0.0696645
Q-value positive rate for exposures: 
0.05 0.1 0.48 0.65 0
0 0 0.01 0.01 0.01
0 0 0.01 0.02 0.01
0.01 0 0 0 0.01
0.01 0 0.02 0.01 0.03
0.02 0.01 0.01 0.03 0
Precision/Recall/F1 based on p-values:
0.5670391 0.5075 0.5356201
Precision/Recall/F1 based on Q-values:
0.8476821 0.32 0.4646098
Power at FPR threshold of 0.05: 
0.18 0.35 0.72 0.75
