Average Estimates for Betas: 
0.05292797 0.08694181 0.1370058 0.2210951 -0.01233509
0.01764901 -0.004144548 -0.004029679 0.01015237 0.01726714
-0.01407023 0.0197085 0.004500236 0.006089177 -0.002122872
-0.007289623 0.002354658 0.01499187 -0.01466194 -0.007590555
0.01245413 -0.006311731 -0.0266128 0.0233141 0.01535036
0.02970712 0.004902615 0.001692343 -0.004160834 -0.01575942
Positive rate for exposures: 
0.14 0.3 0.57 0.72 0.05
0.05 0.04 0.01 0.07 0.04
0.04 0.08 0.02 0.06 0.05
0.05 0.02 0.06 0.04 0.02
0.08 0.04 0.03 0.07 0.05
0.07 0.04 0.06 0.06 0.03
Standard Deviations of Betas: 
0.09449319 0.1016288 0.1251888 0.1361613 0.08985691
0.09361695 0.0995339 0.08015763 0.1138654 0.1129639
0.1034436 0.1156711 0.08966363 0.1050581 0.1071921
0.1126568 0.1098758 0.1066253 0.1055347 0.1052874
0.1103976 0.09569725 0.08260838 0.1335441 0.09965122
0.1321169 0.09421904 0.1009502 0.1183748 0.1085931
Average StdErrors for Betas: 
0.08395174 0.08381142 0.08485225 0.08985817 0.0841523
0.08909445 0.09114413 0.08372274 0.09330202 0.09245979
0.0886013 0.08592199 0.08361776 0.08240821 0.08915714
0.08798971 0.08800171 0.08692558 0.08273618 0.08761622
0.09091355 0.08446927 0.08426529 0.08845934 0.08525573
0.09105454 0.08817203 0.09090589 0.092025 0.08386859
Q-value positive rate for exposures: 
0 0.03 0.29 0.57 0
0 0 0 0 0
0.01 0 0 0.01 0
0 0 0 0 0.01
0 0 0 0.03 0
0.01 0 0.01 0.01 0
Precision/Recall/F1 based on p-values:
0.5844595 0.4325 0.4971264
Precision/Recall/F1 based on Q-values:
0.9081633 0.2225 0.3574297
Power at FPR threshold of 0.05: 
0.14 0.3 0.57 0.72
