Average Estimates for Betas: 
0.03801581 0.08763326 0.1657953 0.2599847 -0.01514548
0.0152369 -0.02046865 0.006867115 0.01608193 -0.008178385
-0.009815712 -0.008078903 -0.001703955 0.002095786 -0.003935631
0.01483374 0.001568888 -0.0003006286 -0.0173195 0.001345848
0.01193186 0.01595497 -0.01419263 -0.002181552 -0.000784243
0.007663152 -0.007888277 -0.001925929 -0.009085875 -0.005399853
Positive rate for exposures: 
0.21 0.41 0.78 0.95 0.09
0.16 0.11 0.08 0.16 0.14
0.08 0.17 0.09 0.13 0.13
0.11 0.09 0.1 0.1 0.12
0.14 0.15 0.09 0.16 0.12
0.13 0.22 0.11 0.15 0.1
Standard Deviations of Betas: 
0.07786115 0.08362099 0.0842096 0.07764356 0.07888253
0.09100079 0.08331765 0.08108127 0.09827569 0.09007274
0.0792587 0.09377684 0.0744702 0.08731974 0.1007068
0.08078664 0.08479811 0.07565945 0.1070898 0.07103077
0.07841702 0.0827596 0.07908718 0.09731577 0.07550907
0.09232797 0.1017899 0.08184969 0.1048101 0.07950923
Average StdErrors for Betas: 
0.05800973 0.05716014 0.05802967 0.05771694 0.0572377
0.06026121 0.05914454 0.05810072 0.06144791 0.05825852
0.05682346 0.05875691 0.05538548 0.05884733 0.0596016
0.06128368 0.06097026 0.05890769 0.05787883 0.05767149
0.0591633 0.05649991 0.05827263 0.05915417 0.05635676
0.05802525 0.0605566 0.05933032 0.06141814 0.05867064
Q-value positive rate for exposures: 
0.08 0.2 0.6 0.83 0.05
0.04 0.03 0.02 0.07 0.07
0.02 0.04 0.06 0.02 0.05
0.02 0.02 0.03 0.06 0.02
0.04 0.04 0.02 0.07 0.05
0.03 0.06 0.03 0.06 0.03
Precision/Recall/F1 based on p-values:
0.421147 0.5875 0.4906054
Precision/Recall/F1 based on Q-values:
0.6195652 0.4275 0.5059172
Power at FPR threshold of 0.05: 
0.08 0.25 0.66 0.86
