Average Estimates for Betas: 
0.01993776 0.04394538 0.07120152 0.09611034 0.005165554
-0.009439507 0.0006484089 0.003363256 -0.00251651 0.002990656
-0.002799885 0.008283803 -0.00270536 0.003990764 -0.001650239
-0.000436827 0.003093467 -0.002866088 -0.006196972 -0.005222481
0.0002831977 0.001248194 0.001600517 0.002220601 -0.006488771
0.001365299 -0.002830506 -0.0007312762 0.004220914 0.002518251
Positive rate for exposures: 
0.1125 0.375 0.475 0.7125 0.025
0.0375 0.1125 0.075 0.0375 0
0.1 0.025 0.075 0.0375 0.05
0.0625 0.0625 0.0375 0.05 0.05
0.025 0.075 0.05 0 0.0875
0.025 0.0375 0.0875 0.0625 0.1125
Standard Deviations of Betas: 
0.03301947 0.03994182 0.05210008 0.0539115 0.03294694
0.03185049 0.03808197 0.03197534 0.03046161 0.02966521
0.03842191 0.02754215 0.03816361 0.03102714 0.03182391
0.03443996 0.03351831 0.03589053 0.0351912 0.03349243
0.02902652 0.03659047 0.03235006 0.03287131 0.03411506
0.02847831 0.03229926 0.03321344 0.03355249 0.03652667
Average StdErrors for Betas: 
0.03218694 0.03195608 0.03374179 0.03532013 0.03138945
0.03178998 0.03170891 0.03095754 0.03121872 0.03157032
0.03195895 0.03127263 0.03132241 0.03127766 0.03140271
0.03155693 0.03139529 0.03138031 0.03108837 0.03112864
0.03144843 0.03102445 0.03173756 0.03168602 0.03150623
0.03097196 0.03135318 0.03131656 0.03205088 0.03155854
Q-value positive rate for exposures: 
0.0125 0.075 0.3 0.4625 0
0 0.0125 0 0 0
0.025 0 0 0.0125 0.0125
0 0 0 0.0125 0
0 0.025 0 0 0
0 0 0 0.0125 0.0125
Precision/Recall/F1 based on p-values:
0.5447154 0.41875 0.4734982
Precision/Recall/F1 based on Q-values:
0.8717949 0.2125 0.3417085
Power at FPR threshold of 0.05: 
0.0875 0.3625 0.475 0.7
