Average Estimates for Betas: 
0.01934897 0.04575355 0.07693242 0.108348 0.0002234237
-0.006367625 -0.0008285474 -0.001773991 -0.001353356 0.007221266
-0.008088555 0.008347245 -0.006000113 0.006208577 -0.002229599
-0.003213279 -0.008700308 -0.008010805 -0.003734418 -0.009629369
0.006131122 0.001282869 0.002418119 0.004609193 -0.009518107
0.002956493 -0.004164567 -0.0007006668 0.00504041 0.001357043
Positive rate for exposures: 
0.225 0.4375 0.5375 0.7625 0.125
0.1 0.175 0.15 0.1 0.1
0.1625 0.1125 0.1375 0.1625 0.1375
0.1875 0.1875 0.1625 0.075 0.15
0.1 0.125 0.125 0.1125 0.1375
0.1375 0.125 0.075 0.1625 0.1375
Standard Deviations of Betas: 
0.04278086 0.04911081 0.05724129 0.0621815 0.04121376
0.04104865 0.04579814 0.0418358 0.03804856 0.038607
0.04539469 0.03708638 0.03969746 0.04145678 0.04195869
0.04294599 0.0498501 0.04265617 0.03717927 0.04784059
0.03834027 0.03984979 0.04216752 0.03839009 0.04559956
0.03938165 0.04293817 0.03424867 0.03859354 0.03919883
Average StdErrors for Betas: 
0.03148043 0.03105457 0.03278838 0.0343081 0.03082868
0.03059711 0.03051844 0.03016266 0.03052644 0.03051117
0.03116663 0.03050776 0.03051147 0.03052536 0.03067003
0.03089981 0.03058444 0.03044548 0.03069325 0.03061531
0.03089944 0.03012665 0.03108324 0.03087572 0.03086546
0.03002302 0.03060308 0.03042242 0.03079538 0.03118614
Q-value positive rate for exposures: 
0.05 0.2125 0.375 0.6 0.0375
0.05 0.0625 0.0375 0.0125 0.025
0.075 0.025 0.025 0.075 0.0625
0.0625 0.0875 0.025 0.025 0.1
0.025 0.075 0.05 0.025 0.1
0.0625 0.025 0.0125 0.025 0.0375
Precision/Recall/F1 based on p-values:
0.3617512 0.490625 0.4164456
Precision/Recall/F1 based on Q-values:
0.5025381 0.309375 0.3829787
Power at FPR threshold of 0.05: 
0.0625 0.275 0.375 0.6625
