Average Estimates for Betas: 
0.02087871 0.04728364 0.0943125 0.1421668 0.002218945
-0.003046391 -0.002124993 -0.0003321844 0.001314195 0.0003525129
-0.007121148 0.003774631 -0.00563667 0.009535771 0.0003096379
-0.0002688812 -0.009934243 -0.01611509 -0.002942222 -0.003857538
0.006495816 -0.001412092 0.002008955 0.001407003 -0.006417313
0.005620445 -0.0003541891 0.0007917742 0.0008301309 -0.003197207
Positive rate for exposures: 
0.2875 0.4875 0.8125 0.9125 0.2625
0.2375 0.2125 0.1625 0.2125 0.225
0.1875 0.1375 0.225 0.2625 0.1875
0.2875 0.25 0.275 0.1625 0.175
0.1875 0.2 0.1625 0.225 0.2125
0.2125 0.175 0.1375 0.2125 0.175
Standard Deviations of Betas: 
0.03869352 0.04732772 0.04992717 0.05650562 0.0410593
0.04334161 0.0452446 0.03884296 0.03954694 0.04194396
0.04370251 0.03718241 0.03693602 0.04491309 0.0370055
0.04467696 0.05063096 0.0384963 0.03644483 0.04400846
0.03988992 0.04174592 0.03786325 0.041221 0.03926851
0.03718172 0.03942895 0.03462828 0.03967799 0.0363174
Average StdErrors for Betas: 
0.02541212 0.02503064 0.02478831 0.02498599 0.0253362
0.02498534 0.02485049 0.02451953 0.02470936 0.02487202
0.0254702 0.02481481 0.02505489 0.02490935 0.0252148
0.02511569 0.02503326 0.02461362 0.02484925 0.02487422
0.02510666 0.02445977 0.02535574 0.02539805 0.02495752
0.02429974 0.02484494 0.02472784 0.02526525 0.02564421
Q-value positive rate for exposures: 
0.125 0.35 0.7125 0.8875 0.0875
0.1375 0.1125 0.0875 0.1 0.125
0.15 0.05 0.075 0.1375 0.125
0.125 0.1625 0.1375 0.075 0.125
0.0875 0.125 0.1 0.125 0.1125
0.0875 0.075 0.0625 0.0875 0.0875
Precision/Recall/F1 based on p-values:
0.317965 0.625 0.4214963
Precision/Recall/F1 based on Q-values:
0.4289406 0.51875 0.4695898
Power at FPR threshold of 0.05: 
0.075 0.2375 0.6125 0.825
