Average Estimates for Betas: 
0.02027408 0.04505517 0.08779698 0.1312957 0.006595807
-0.003619373 0.0001945062 0.003303676 0.0008827425 -0.0002534822
-0.006158173 0.001136342 -0.001772672 0.00561306 -0.0009139511
0.002556191 -0.001996162 -0.008351336 -0.008408292 0.001824049
0.002321288 -0.001745044 0.001154927 0.000388971 -0.005528231
0.004151211 0.0009673032 -0.00238087 -0.0008809782 -0.003739655
Positive rate for exposures: 
0.1875 0.375 0.75 0.9 0.1375
0.1125 0.1 0.075 0.1125 0.0625
0.15 0.0625 0.1 0.125 0.0375
0.0875 0.1 0.125 0.1125 0.125
0.0875 0.0875 0.0375 0.0875 0.075
0.1 0.1 0.125 0.1 0.1
Standard Deviations of Betas: 
0.03046819 0.03434432 0.0455266 0.0499628 0.0332863
0.03235908 0.03092887 0.02993717 0.03045325 0.02800917
0.03748118 0.02628195 0.03120496 0.03280333 0.02710061
0.03440982 0.03446511 0.03063902 0.0307262 0.03137135
0.02854628 0.03150065 0.02587525 0.02999745 0.02586526
0.02882396 0.03034335 0.03225994 0.03053609 0.02998669
Average StdErrors for Betas: 
0.02628063 0.0257656 0.02537517 0.02538126 0.02581837
0.0260755 0.02600457 0.02527168 0.02549757 0.02585778
0.02629726 0.02565747 0.02580515 0.02568591 0.02598491
0.02575327 0.0258736 0.02555011 0.02521349 0.02541333
0.02578409 0.02543314 0.02593348 0.0262757 0.02576165
0.02518004 0.02566648 0.02569498 0.02644129 0.02601257
Q-value positive rate for exposures: 
0.0375 0.2125 0.6 0.875 0.0375
0.0375 0.025 0.025 0.025 0.0125
0.0625 0.0125 0 0.025 0.0125
0.0375 0.025 0.025 0.05 0.05
0.0375 0.0375 0.0125 0 0.025
0.025 0.0125 0.025 0 0.025
Precision/Recall/F1 based on p-values:
0.4670185 0.553125 0.5064378
Precision/Recall/F1 based on Q-values:
0.7225131 0.43125 0.5401174
Power at FPR threshold of 0.05: 
0.1125 0.3125 0.725 0.8875
