Average Estimates for Betas: 
0.1709464 0.1563595 0.1663286 0.1790361 0.0147962
0.0037641 -0.005826984 0.005518395 -0.00144145 -0.007860572
-0.005457463 0.01514289 0.006055771 -0.005266062 0.0046095
0.01001807 0.007647923 0.002136064 0.01132923 -0.003779333
0.007352482 -0.006168501 -0.001516339 0.003631275 0.005918389
-0.005186434 -0.0004587432 -0.01239724 -0.01008178 0.007578789
Positive rate for exposures: 
0.72 0.68 0.65 0.75 0.04
0.04 0.05 0.03 0.06 0.09
0.03 0.03 0.08 0.02 0.07
0 0.05 0.13 0.09 0.06
0.05 0.05 0.07 0.05 0.03
0.08 0.04 0.14 0.06 0.02
Standard Deviations of Betas: 
0.07739469 0.1163396 0.07734717 0.06853492 0.07560449
0.06519245 0.06452919 0.0643204 0.08089096 0.09581437
0.0687424 0.07328305 0.09126914 0.07799738 0.07004918
0.05556885 0.06877908 0.08577711 0.07425838 0.07710654
0.07183498 0.0757897 0.08276922 0.0750043 0.0699298
0.0735196 0.06774496 0.1068888 0.07358721 0.05755742
Average StdErrors for Betas: 
0.0641117 0.06903158 0.06978155 0.06446675 0.06666473
0.06323766 0.06605268 0.07052366 0.07158773 0.0704879
0.06359874 0.06494787 0.06691902 0.06770337 0.06644422
0.066611 0.06649942 0.06773837 0.06593965 0.06851615
0.06393476 0.06564354 0.06876889 0.06680658 0.06826901
0.06503178 0.06574976 0.07054448 0.06275177 0.06880773
Q-value positive rate for exposures: 
0.5 0.38 0.43 0.49 0
0 0.01 0 0 0.03
0 0 0.01 0 0
0 0.01 0.01 0 0
0 0 0.02 0 0
0 0 0.04 0 0
Precision/Recall/F1 based on p-values:
0.657277 0.7 0.6779661
Precision/Recall/F1 based on Q-values:
0.9326425 0.45 0.6070826
Power at FPR threshold of 0.05: 
0.72 0.67 0.62 0.73
