Average Estimates for Betas: 
0.1423229 0.1473601 0.1593221 0.1330335 0.007966637
-0.004482606 -0.003350448 0.01692131 0.0008939578 -0.01265944
-0.001136491 0.0215673 -0.002173666 -0.007905366 0.007955803
0.02537443 0.005222914 -0.002437044 0.006630227 -0.009763958
0.00917789 -0.009307425 -0.001159423 0.008359099 0.001346769
0.004678936 0.01539438 -0.008533992 0.0004105876 -0.002020361
Positive rate for exposures: 
0.59 0.6 0.53 0.6 0.04
0.03 0.04 0.01 0.05 0.06
0.04 0.04 0.05 0.08 0.05
0.03 0.06 0.02 0.04 0.06
0.01 0.03 0.06 0.06 0.02
0.06 0.02 0.03 0.03 0.02
Standard Deviations of Betas: 
0.1155861 0.1274598 0.07987247 0.1331299 0.1116131
0.08613028 0.09949538 0.07778721 0.0956767 0.1083383
0.08818316 0.1030555 0.1018191 0.1165074 0.09339548
0.1021492 0.1010057 0.08052597 0.09932435 0.106142
0.08858715 0.07314953 0.1083423 0.09344775 0.08698153
0.09880304 0.0813269 0.08823634 0.1353382 0.07984581
Average StdErrors for Betas: 
0.08567403 0.08250065 0.08572875 0.08318624 0.08678234
0.08160094 0.08218168 0.08599739 0.08735651 0.08636819
0.07941185 0.08276894 0.08398891 0.08733507 0.08690693
0.09012051 0.08308771 0.08059781 0.08286741 0.09077934
0.0829543 0.08162732 0.08807646 0.08360221 0.0846798
0.08649919 0.0783262 0.0869239 0.08249898 0.08463306
Q-value positive rate for exposures: 
0.34 0.35 0.31 0.3 0.01
0 0.01 0 0 0.01
0 0.01 0.01 0 0
0.01 0 0 0 0.01
0 0.01 0 0 0
0 0.01 0.01 0.01 0
Precision/Recall/F1 based on p-values:
0.6904762 0.58 0.6304348
Precision/Recall/F1 based on Q-values:
0.9219858 0.325 0.4805915
Power at FPR threshold of 0.05: 
0.62 0.63 0.55 0.63
