Average Estimates for Betas: 
0.1656936 0.1544504 0.1620721 0.1786282 0.01196334
-0.004575108 -0.002316995 0.007471968 -0.001843141 -0.01217112
0.001369002 0.01214751 0.004808022 -0.00950664 0.001325551
0.0107257 -0.001023347 0.005957608 0.01523895 0.001445674
0.002197564 -0.006597322 -0.00111668 0.00936618 0.002639568
-0.00371116 -0.005389854 -0.01090931 -0.006294903 0.006196635
Positive rate for exposures: 
0.83 0.75 0.79 0.88 0.06
0.02 0.07 0.06 0.06 0.12
0.1 0.06 0.1 0.08 0.1
0.03 0.09 0.15 0.12 0.08
0.06 0.12 0.1 0.09 0.06
0.11 0.07 0.14 0.13 0.05
Standard Deviations of Betas: 
0.07167508 0.09605157 0.06421954 0.06021403 0.06048389
0.0496118 0.05907699 0.05390949 0.06635448 0.0900938
0.06120444 0.06633239 0.07060388 0.07143759 0.05852448
0.04767842 0.06022941 0.06753519 0.06159259 0.06508459
0.06045707 0.07012792 0.0707906 0.06154301 0.05886559
0.06492719 0.06036019 0.07967772 0.06355469 0.05755818
Average StdErrors for Betas: 
0.04887217 0.05246275 0.05240635 0.04826629 0.05207281
0.04908312 0.05154951 0.05522889 0.05557051 0.05505281
0.04940714 0.05036461 0.05188445 0.05260146 0.05156021
0.05249526 0.05161806 0.05269221 0.05141219 0.05377098
0.04955929 0.05128037 0.05412563 0.05117152 0.05442157
0.05077956 0.05142214 0.05497276 0.04810049 0.05352993
Q-value positive rate for exposures: 
0.73 0.61 0.63 0.77 0.02
0 0.02 0.02 0.01 0.07
0.02 0.02 0.02 0.02 0.03
0 0.02 0.05 0.02 0.04
0 0.05 0.04 0.01 0
0.04 0.02 0.06 0.04 0
Precision/Recall/F1 based on p-values:
0.5930657 0.8125 0.685654
Precision/Recall/F1 based on Q-values:
0.8106509 0.685 0.7425474
Power at FPR threshold of 0.05: 
0.79 0.73 0.71 0.85
