Average Estimates for Betas: 
0.1430398 0.1435616 0.1459934 0.1396523 0.009454782
-0.01408634 -0.0053797 0.004625026 0.001192299 -0.009571416
0.008237957 0.01877474 -0.005963969 -0.003768605 -0.0009692424
0.01675298 -0.0001256548 -0.0005430136 0.01075988 -0.004629181
0.004503809 -0.009177311 0.0004306096 -0.002106372 -0.00192999
-0.001465302 0.01220139 -0.01303946 -0.0005401382 0.001871218
Positive rate for exposures: 
0.65 0.67 0.63 0.73 0.02
0.03 0.05 0.05 0.02 0.05
0.08 0.08 0.03 0.06 0.08
0.01 0.07 0.05 0.06 0.05
0.01 0.03 0.07 0.09 0.06
0.08 0.02 0.06 0.07 0.03
Standard Deviations of Betas: 
0.09820607 0.1070004 0.0756122 0.1049995 0.07598564
0.08022177 0.08089145 0.06244213 0.0752603 0.09282034
0.07142408 0.09029961 0.07317652 0.08086754 0.07483639
0.07690062 0.07542437 0.07582974 0.08362333 0.08004829
0.07598419 0.06866957 0.1013807 0.08639455 0.06851535
0.08903651 0.07350452 0.07711427 0.1015533 0.06819457
Average StdErrors for Betas: 
0.07056668 0.06554482 0.06853407 0.06721409 0.07160431
0.06698317 0.06701974 0.07014345 0.07036847 0.07109387
0.0646813 0.06735174 0.06775594 0.07248727 0.07212756
0.07478191 0.06699296 0.06491135 0.06687689 0.07574914
0.06801981 0.06640733 0.07265247 0.06726734 0.0700606
0.07178948 0.06259891 0.0708776 0.06674484 0.06911197
Q-value positive rate for exposures: 
0.54 0.52 0.5 0.58 0
0 0.01 0.01 0.01 0.02
0 0.03 0 0.02 0
0 0.02 0.01 0 0.01
0 0.01 0 0.01 0
0.01 0 0.01 0.03 0
Precision/Recall/F1 based on p-values:
0.6716792 0.67 0.6708385
Precision/Recall/F1 based on Q-values:
0.9106383 0.535 0.6740157
Power at FPR threshold of 0.05: 
0.65 0.67 0.63 0.73
