-0.088009824150084 0.128853072396047 0.167928547457514 0.25589276415781 -0.0329778006619304 0.0322549136896521 0.0414853621063411 0.0293215660078128 0.0540922019218849 0.0528027080864423 0.00757888105837502 0.00250037393419147 1.19336583682984e-07 7.77634292329987e-06 0.533765163327326
0.0455280070640025 0.0335442403122483 0.205839881580563 0.250410681856757 0.0257211773231806 0.0303280734262915 0.0325176278711536 0.0450413219217002 0.0297462512346157 0.0319853561224968 0.136624570602854 0.304892245580786 1.46607240181416e-05 3.92745857680272e-13 0.423315333193335
0.0733113632367699 0.100896450206313 0.169093047015313 0.166065016889416 0.260264801896593 0.0446138945670989 0.0412206872681556 0.0538537219564568 0.0658131932094444 0.0411984760696836 0.103639002777615 0.0162130269975969 0.0022528771127413 0.0132870682224943 8.53683822383778e-09
-0.263166752931516 0.211156954983311 0.246221388267285 0.272778732298795 0.0418031021475658 0.0753697811766706 0.0392947676079076 0.0320767485056327 0.0458392458715368 0.0291533057459413 0.000730120884796933 5.48808036082112e-07 1.44115429393137e-11 4.44706635038836e-08 0.15488240691679
0.0216934205346136 0.107070615799647 0.0819642829629036 0.331782383388217 -0.0154368192383726 0.0371920479347451 0.0359528388124576 0.0376875020861503 0.0337271846990293 0.034116243093539 0.56108621311434 0.00368085711900981 0.0321249565298376 3.67971886484866e-16 0.651956881338357
-0.0562377774758149 0.100602995370938 -0.0816412285956449 0.139006843441849 -0.000998001165864106 0.0508135459368937 0.040043873882366 0.0508549619467829 0.0454792245908415 0.0431561730884021 0.271197613131529 0.0136796958344777 0.111730781462065 0.0029077964693836 0.981598797273866
-0.0129373156615352 0.161082872479401 0.0740358720492575 0.246002977960987 0.0381645215828661 0.0479355837848911 0.0353503108228414 0.0476102393027347 0.0413423624171302 0.0735073885635259 0.787830581925728 1.54401950929563e-05 0.123261562847877 4.45465463623249e-08 0.604833634888857
0.159106672261419 0.0599386916888548 0.190581242572028 0.251446600645299 -0.0411251602482077 0.0426341579722731 0.028401812236247 0.0402471388457443 0.0301869320046027 0.0273562236409822 0.000323571110519254 0.0374526320081527 7.6351761909397e-06 6.05289649773503e-13 0.13607366882961
-0.0208597567170975 0.0695135643280898 0.23613461913374 0.201413214329049 -0.0348290828431785 0.0195895765933855 0.0615699491421182 0.0284264497675667 0.0360356856026617 0.0336667022343152 0.289647518363226 0.261733271041296 6.76473782744728e-13 2.17519834461917e-07 0.303516593674508
0.133951786748479 0.0549876590052078 0.13925696151653 0.249543076947237 -0.0234442888601279 0.0454042808638849 0.0283343815775282 0.0323191375382728 0.0287755241452222 0.0596551028177327 0.00399875036186432 0.0552629536012704 4.0021760488723e-05 1.13381970542249e-13 0.69520203845474
0.0580657402807465 0.18934115273155 0.187067561142985 0.162278968730318 -0.0418628655464615 0.0433030670361597 0.0166142044023488 0.0352141860280206 0.0366030556568357 0.0339955928783188 0.18314539337815 1.7883118333411e-19 7.12019750192238e-07 2.48871980628106e-05 0.221205376150483
0.030832913624415 0.0780616734186458 0.109862388317971 0.182214138400687 -0.038101942883656 0.0285879191828793 0.0311877437796323 0.033309165121023 0.0468883694444398 0.0398501204549517 0.283528405298728 0.0140232104260433 0.00136987576973497 0.000188468176852641 0.341432760799692
0.0629297217953027 0.0904542124828918 0.170947600690573 0.259043983456029 -0.104814393511219 0.0361063542481272 0.0390355578067899 0.0539530648816504 0.0451798740781882 0.0276564145045922 0.0845869736168016 0.0226391409167763 0.0020618954900174 1.15997810099104e-07 0.000264508790294567
-0.10026242081885 -0.0302606713790696 0.159982345085632 0.263263919699924 -0.0233230651041902 0.0262512775397558 0.0350907605031282 0.0315463067199659 0.0368625928040412 0.0313665324192709 0.000238579964914339 0.390664200195426 1.95017969170647e-06 1.84828027058901e-10 0.45897454026082
-0.0183381816422638 0.0769261265810854 0.21137848312108 0.280751478414021 0.0961597271192335 0.0329738612172394 0.0408034648515967 0.0318455744547032 0.0487797859573914 0.0311327807269265 0.579420682907733 0.0624475237376271 1.9607679526268e-09 1.05391849577202e-07 0.00263626125887013
-0.0395263335480194 0.0593335943820228 0.101007041338699 0.325375086341059 0.0254726607897697 0.0328673868928602 0.0511430114795593 0.0353522722625873 0.0485230979290407 0.0345981244530015 0.232119778999097 0.248894815988951 0.00525167182362881 1.43054235495395e-09 0.463396355228332
0.00799605971352293 0.0456715396772566 0.292260560577235 0.264057409857078 -0.0334779283511952 0.0583778461463456 0.0449079676774152 0.0507894712614282 0.0543717407624568 0.0370566567511164 0.89134374880126 0.311735072322436 1.05917861522184e-07 4.69308493105565e-06 0.368585249429187
0.230085735210953 0.0528418716018492 0.12476925154491 0.277973749441912 -0.0162566706794147 0.0331644575996927 0.0443838396723126 0.036015545873827 0.0330953228442657 0.0465837994203615 4.83651565336733e-10 0.236790638038976 0.000799229773897191 4.31037427165476e-13 0.727878929999437
0.106544335681915 0.113083143550115 0.0290819854954416 0.249894621368985 -0.0865721322063006 0.0358074663795443 0.0319543511335112 0.031485922988173 0.0312814745638971 0.0319669656720773 0.00370955828038975 0.000623916595240696 0.358008449392525 3.18192564555318e-12 0.00802438554790556
0.0189897306401309 -0.0413444846459573 0.0530432976684326 0.168324863554158 0.00112239135183294 0.0396741740892264 0.0434863562829524 0.0492503487800456 0.0499198157953218 0.0312985646441981 0.633293030139828 0.344145834811573 0.284201542236133 0.00108103263949116 0.971468602916019
0.0712832418215564 -0.100326660572649 0.138759194900629 0.273490027906805 -0.0467655113377408 0.0394376935437203 0.0207075482038004 0.0449141361860986 0.0367591874672029 0.0455165073082889 0.0738508153694479 4.91792698863736e-06 0.00263034407748661 4.4710745918432e-11 0.306821947287741
-0.0824491221949038 0.126622426509792 0.075691761677601 0.19023497264145 -0.09129189578037 0.0434419203832559 0.0328467648972376 0.0410074102021909 0.0274281973660333 0.0460316279402836 0.0607432610852973 0.000210466086568441 0.0680345907430476 4.88158834228788e-10 0.0502275432483272
0.0474881954517797 0.124017942800596 0.18616709986695 0.392132602890624 0.0171304371969213 0.0399923548903427 0.0342538350521915 0.0396180193549673 0.0274369099982802 0.0339526199441285 0.238017876885175 0.000473882825819736 8.81863414011255e-06 2.09880528785988e-25 0.61505061285177
-0.267706903695769 0.086727085566216 0.196778551789226 0.0854139636969459 -0.0974849361317034 0.0579535077774372 0.0496077682255136 0.0484951087685536 0.0663574485493414 0.0444774425093798 1.2083267993439e-05 0.0836502217289941 0.000101666785767457 0.201158957626927 0.0308390168415224
0.0720239837155496 0.154359333268735 0.0607646751910573 0.254742499665654 0.0113469788522761 0.0472318313346401 0.0316897155484202 0.0529620767535659 0.0284935067046748 0.0406450004236947 0.130605472079427 4.4268459694208e-06 0.254128873008664 3.03831423264281e-14 0.780719067129274
0.052760207620073 0.0729580922048312 0.123016807850136 0.303548869355969 -0.0705712423320192 0.0350108818997172 0.0447284702859036 0.0317550743684874 0.0321356496298517 0.0413712126072776 0.135137572680765 0.106173161608521 0.000196800108140413 2.52706418073898e-15 0.0913118346571429
0.0134173941503844 0.0333904763063992 0.146287097941536 0.189614504048232 -0.128673916584107 0.0463461721859125 0.036850981010517 0.0370049766855257 0.0361104158510282 0.0466047279639301 0.772826735420135 0.367178187478281 0.000148367465894719 9.22149747021191e-07 0.00691747794806273
-0.113225709941948 0.0749413628906783 0.164680307955566 0.0628906860144946 -0.148620671103053 0.0412368845912742 0.0396316637107103 0.0592376061864745 0.0446675073456073 0.107635284289834 0.00722148504881661 0.0616786524915055 0.00655384477904041 0.162402788232094 0.170586398424819
0.0426427348851727 0.12415621236703 0.118654564432589 0.265057408531018 -0.0368970467924024 0.0471318670371017 0.0322464187518768 0.0431625825708736 0.0466906895095601 0.0385078024709165 0.367884605835509 0.000213995336636309 0.00715506111897804 1.48641465339067e-07 0.340408879871373
-0.0236793138308994 0.0249712474929306 0.205388817339178 0.275494332431426 -0.0651288124971065 0.0347983629649122 0.0475964903802928 0.0588690328458438 0.0318783495478592 0.0382948194387441 0.497860692888999 0.601052321189523 0.00073683720907212 1.31346379321832e-13 0.0922667293920065
0.0910765808470418 0.127049629123887 0.225063397838668 0.144576465109928 -0.0995280651379453 0.0364591089388112 0.0417477776595262 0.0451273898331951 0.0651558142327564 0.042720238213469 0.014206594759554 0.00302662552228033 2.75628649364303e-06 0.0288720027085544 0.0219363477360373
0.042217384580172 0.00684432632341269 0.173281920005696 0.192714739377479 0.00731349798725564 0.0269908780011225 0.0341269277997839 0.0438504320526911 0.0398549861648339 0.038198873036057 0.121110971697935 0.841475272744452 0.000149176090081422 5.11073854398693e-06 0.848575023253721
0.0123403480542774 0.119376999007651 0.160968686216204 0.198680859621578 -0.0737064299751257 0.0413900371681059 0.0277753364598196 0.0315729896130031 0.0396372727667829 0.041174034038705 0.766241473983529 4.16967783667093e-05 1.74431451032502e-06 2.48566876846181e-06 0.0766205386919747
0.0771732538578864 0.0526577294673847 0.203307014095309 0.23426737733912 0.0433888679905076 0.025178936167527 0.0410596967695091 0.0443158808688841 0.0394936798618079 0.031990705113542 0.00283370342896828 0.202799156159983 1.36820545273182e-05 4.83905798684533e-08 0.178219743580916
0.0488835479181133 0.078046740025887 0.156259676931031 0.205964469034948 0.0636618871495086 0.0483843406073918 0.0433716893980711 0.0503038517824214 0.0450446915010914 0.0469478512536333 0.314909554335219 0.0751165680459913 0.00249786434100631 1.45224486231412e-05 0.178309549230259
0.0280581840215476 0.109134003409619 0.165834340662746 0.241063219051165 0.0545419700792274 0.0442873189996857 0.0238894091923114 0.0335976407348895 0.0364604084224368 0.0353071561874358 0.527897604635209 1.47597542554311e-05 3.40058024153246e-06 2.21116513714124e-09 0.125723041110961
0.0380576083751812 0.119196660803972 0.0967961732209677 0.273845213541391 0.0643043945891227 0.0357701099006426 0.0317708467470798 0.0494069872599241 0.0562291091514353 0.0345645433905499 0.290048251398582 0.000302054570201472 0.0530257527815114 4.44105528878177e-06 0.0659203163461191
0.0614573177783515 0.0491689719923389 0.251968498999261 0.311108988371671 0.0208960639976342 0.0571115937736117 0.0269133442561546 0.016198150327022 0.0264582907892696 0.0337462273331892 0.284611442671294 0.0708493319539688 7.30117414238795e-28 3.10312388074284e-20 0.537258946325385
-0.191232786908428 0.0530448134047136 0.113023595844006 0.315085533830597 0.00143479454736128 0.025999342025885 0.0549330478899895 0.0340930544111615 0.0476033113336388 0.0477576037533362 6.70146096231949e-11 0.336682797096171 0.00129786944750421 2.1373387824198e-09 0.976095570885116
-0.0807666509755736 0.0672590247663079 0.0866311894458223 0.359641759596298 0.0701302560958301 0.0416872546026189 0.0447977646710633 0.0565253550824567 0.0514173368145542 0.0588525612998766 0.0556614491315809 0.136570650424486 0.128696086104418 3.70249157387063e-10 0.236376291484147
0.0651565048968151 0.0112571459763222 0.175761571337157 0.219939628619048 0.00644916574550252 0.0296405872738366 0.0365832952914848 0.0254998263749362 0.0387563359205743 0.0317424359773202 0.0303625067541157 0.758974536037876 5.97488879308512e-10 1.49908072268692e-07 0.839435342477106
-0.00602366787724415 0.0202504041793063 0.193348073347511 0.309592446569701 -0.0273307301294597 0.0428954911071372 0.036977962748363 0.0294963197453793 0.0245444629836652 0.0489637661605937 0.888620259497225 0.585227335216374 2.87254819151951e-09 5.18817084426931e-22 0.578032740298816
0.0780602130245512 0.0105562955788251 0.156217289047044 0.278699972260088 -0.0622329059970167 0.0588061753830394 0.0405216757429129 0.0555564311350767 0.0447501281759713 0.0342952166317544 0.187552527071204 0.795034354483287 0.0059838492243549 1.28133461898071e-08 0.0727377634427109
-0.0949075338133343 0.0252926649008175 0.1932477894411 0.295468041419921 0.00882923773331254 0.0533105977989614 0.0260985258825025 0.0209421438082569 0.0261386605371194 0.0349122730151814 0.07822796620794 0.334945027331963 7.39593465380061e-15 2.8012956867975e-19 0.800893599401538
0.144071243097311 0.103920586653676 0.214082388206464 0.231848271042337 0.0131713134921071 0.0498346944184839 0.0374310853750906 0.0688650603352461 0.0495229026307503 0.0321992463532867 0.00475952680239595 0.00662272688279155 0.00247949435580628 9.44915649985291e-06 0.683418877718723
-0.0957899681344748 0.00487971509411617 0.139303684407204 0.285488018490984 0.0444856308749286 0.0272908238467056 0.0559867656409189 0.0584512275995008 0.034601273055922 0.0718914156664497 0.000687094661104926 0.930729082452173 0.0191503815982317 8.89167199684086e-13 0.537536203830336
0.214211079484435 0.0686326964117548 0.213772244480597 0.293519194671982 0.0114216937930359 0.0523192154340437 0.0474477570612692 0.0403584966189399 0.0440809457380029 0.0478950169585879 8.89328387282028e-05 0.151331285203614 7.6004937750768e-07 1.77869250794831e-09 0.812027490581729
-0.00851015715944319 0.00281703345120211 0.207194514059113 0.183700226194428 -0.0673738861200452 0.0393454067701552 0.0330924761302803 0.0394956458620268 0.0281141459849151 0.0351862786591489 0.829222713385816 0.932340283141372 9.41564984254855e-07 3.16314124592649e-09 0.0585295695047547
0.0399371539015914 -0.0522478074202544 0.294446695262865 0.333643056783886 -0.0158074169426369 0.0486167687409411 0.0397406495802079 0.0438942267851252 0.0424012759063081 0.0341347148327051 0.413436147071458 0.191769232728194 1.41385494107576e-09 5.68666291053256e-12 0.644359561756267
0.0523419000729312 0.0146232548262537 0.229507394704941 0.212365479717975 -0.0261831852620847 0.0260746411187237 0.0356597272890646 0.0196286103382975 0.0396270995058109 0.0291172658927939 0.0475494341756685 0.682672343470694 4.26627555073889e-20 5.83863324519589e-07 0.37080261005998
0.0141520144411728 0.096651223298404 0.119784866594519 0.253755113835245 -0.000663074851968924 0.0311567759426571 0.0477828208136055 0.0353301684849587 0.0355245741393922 0.0350731991983988 0.650706952787288 0.0459128929478488 0.0010179247031187 1.83674056160905e-10 0.984956176299952
-0.114774247806895 0.014929154177924 0.197442768696816 0.316616756016949 0.120548549067175 0.0324085679409969 0.0365944854464705 0.0519784279683225 0.0411769527161729 0.0323447661709527 0.000618552555407483 0.684219659255483 0.000256606221814234 1.35263332912488e-11 0.00032912155128316
0.0472686419919284 0.00339639411240601 0.180425490181156 0.261414663507209 0.0671581613118762 0.0340588437779697 0.0328436126391136 0.0285182907085894 0.0271568387549676 0.0338645855719784 0.168428558195349 0.917854693365242 8.18213863190405e-09 1.04038799374045e-15 0.0502393951602003
0.110251261551115 0.247139317391786 0.275844953278763 0.279066497923974 0.166369155185024 0.053566939226527 0.0503723270696262 0.0398078117655126 0.0501232244237643 0.0404439572160009 0.0423098995170938 3.83652975374343e-06 5.02874123440222e-10 2.38895675281887e-07 8.28622668211175e-05
0.0141853444448889 0.0757857155091493 0.0606405303150508 0.318105529308823 0.0298527138208865 0.0426430366077791 0.0309773833726759 0.0250343921216698 0.0341719524291282 0.0434366945839499 0.740128988080492 0.0162650159758832 0.0173197271860109 4.95784531826514e-15 0.493587355187496
0.0762997745165514 0.125719157849807 0.0717893233264898 0.539510368193447 0.0488496312268224 0.047356405441089 0.0576651103281122 0.0438681397604451 0.0417089289548928 0.0543294982195614 0.110457794201694 0.031716265127282 0.105047999650228 1.13407880046403e-22 0.370853389468465
0.370590461449861 0.0980925815029599 0.255457899218247 0.271754033977394 -0.0707265329716107 0.0549001442292041 0.0457767166293049 0.0449140237571984 0.0345946540381094 0.05066470435627 1.16202275647795e-09 0.034680561547889 1.41781653035588e-07 6.06524846590252e-12 0.165976609860424
0.0289389497361326 0.180578509347125 0.178692932624162 0.117267587229258 0.0985788906226862 0.0333189379577473 0.0406639178645028 0.0442508398050391 0.0781254377644738 0.0418906100400483 0.387285732413434 2.42010137347911e-05 0.000109151793822323 0.136667684325457 0.0206718128856868
0.0622413232322509 0.072428338424869 0.142647460008064 0.294450561190545 0.0452099079162053 0.053538447784482 0.0364105830627438 0.0407246421139189 0.0519935644042754 0.0427308269115954 0.247922728658749 0.0495538528668977 0.000703824802488715 1.57765647891912e-07 0.292730927536381
-0.118792284733639 0.0705900855828611 0.21420117677388 0.402636426786483 -0.151795398729007 0.0396145048045871 0.0372803833431097 0.0609733452898525 0.0556693061430844 0.0569011720783012 0.00346095007387187 0.0613357229521507 0.000680136281630734 1.20127483145195e-10 0.00897961773811213
0.0912618817936795 0.0735841851516176 0.145264377842702 0.298033202823532 0.108310708419399 0.0591237024331431 0.0358429139311444 0.0396589237649049 0.0285486155584797 0.0299424737562536 0.126015979395016 0.042825561487091 0.000410321262201199 1.90712256178909e-17 0.000479157449429552
-0.0966560155185089 0.0349689463972955 0.390936215541688 0.267919852383081 0.0255304930010499 0.0503673682715243 0.0518350114159968 0.0736947662630206 0.0346575795230535 0.0699739952443411 0.0579833105855865 0.501555552009245 7.34883800355372e-07 1.10850466473793e-11 0.716029220558568
0.0368171565145726 0.0426732774716131 0.127956866855174 0.266042055944949 0.121205909345177 0.0411086086238663 0.0424016711852655 0.0332201523581004 0.0308347830738336 0.0486900890309403 0.372726425186363 0.31677705927856 0.000212826562822544 1.4071825777116e-13 0.0145371416204664
-0.0519735915065011 0.0155268820187724 0.144346528173983 0.203397890505773 -0.318172933758343 0.0647273749971175 0.0522579004653125 0.0536384022157998 0.0687966752978422 0.0466029559124893 0.424001335315979 0.767023377264277 0.00841541949234248 0.00392471900943528 8.11200532961763e-10
0.116624507456197 0.135053822175637 0.288658734187411 0.156864356541791 -0.0274195501794888 0.0305526028707228 0.0471285991219268 0.0409829596390527 0.0278010420849584 0.036970726341671 0.000240399091284032 0.00512398826432223 2.94179963637667e-10 1.7273168069434e-07 0.460125545252508
0.0914464204624381 0.212052968418922 0.144883817469815 0.295735918332678 0.0394827617257818 0.0778495823828952 0.0297154468309921 0.0336870631772415 0.0411748298170144 0.0320163726854703 0.243068669286848 1.89831750049907e-10 4.12391287635915e-05 1.52434754277951e-10 0.220541887578179
0.0871571760260234 0.152578290546508 0.172700241827245 0.198646064072134 0.126095466197723 0.0295377064356004 0.0496659357210953 0.0366549336185915 0.0447489342860782 0.0415742718610167 0.00399274742651548 0.00277318230283228 8.39264206859441e-06 2.43533048688011e-05 0.00312180804231291
-0.0494557894347832 0.00430926377991123 0.159685375106508 0.265948523135377 -0.045494047854133 0.037648715654312 0.0370756343380475 0.0272289230494586 0.0270535836655874 0.0206129803414681 0.192140545719644 0.907716403379413 6.51881231061635e-08 3.80501197065932e-16 0.0297184855804201
-0.0602707741089432 0.174209058010055 0.383598449974341 0.15204501861178 0.0266215867215502 0.0305906981649069 0.0578259504535193 0.0379239458759469 0.0395247270644259 0.0358654372750896 0.0517232308196684 0.00331926361592977 9.38777533804508e-17 0.000216577229598425 0.459759328154039
0.0390660200893832 0.165289113168132 0.197889172263475 0.292738319886365 -0.0905248873311498 0.0380773811645223 0.0419279982102627 0.0321934494397143 0.0373222482400417 0.0578781501150519 0.307513885048023 0.000154311665757278 1.84785265053375e-08 6.42266607443882e-12 0.121128700210676
0.0283899457342989 0.0436877424843501 0.254904229739349 0.482067123202413 0.0186674365169605 0.0449192231251262 0.0458965780861548 0.0412015321279377 0.029800311235021 0.066473697157677 0.528890458341747 0.343576625047852 1.54347569425855e-08 4.85408754612547e-29 0.779455769966259
0.0602092587627517 -0.174759747926201 0.106092985077372 0.270965621145057 -0.154695783925691 0.0444423195653555 0.0615027900558176 0.043658152887138 0.0485801774079998 0.0452202105032051 0.178702959287794 0.00549506653200993 0.016973467088061 2.28693680988936e-07 0.000921562618416697
0.14332056662174 0.121460625672513 0.177314490323119 0.0174530318334644 -0.00665675547175379 0.058237948918293 0.0750442654605466 0.0534528547157625 0.0504465610572979 0.0744861375358355 0.0156623275843296 0.108866074599917 0.00128932211445524 0.730129750252268 0.92897675851876
-0.0187099374015785 0.0759600005976013 0.25125028689822 0.291076012010106 -0.0556372883471732 0.0806143710650006 0.0435748718148898 0.0304281871089622 0.0702125876312864 0.0366322906121752 0.816965918125282 0.0845329368320089 8.6202327869989e-13 7.36291301305196e-05 0.132132807738935
0.00933211009152261 0.154763686169379 0.20988542354737 0.247540294997909 -0.0522098172546168 0.0580958420158526 0.035865852277433 0.0403937336821065 0.0395887170912126 0.0562478373658582 0.872723537597437 3.90853903850081e-05 1.1613292111875e-06 1.14466620529728e-08 0.355650917000293
0.181790275141372 -0.0175097736724529 0.180191248500981 0.277244710541006 0.0619443788737351 0.0354362794226286 0.0385404594317848 0.0347817046642984 0.037125768870797 0.0368653822129311 1.52888439680788e-06 0.650633527371831 1.23833825451787e-06 3.91676225605501e-11 0.0961872664166867
0.0470185649160582 0.0565617089363776 0.132907965223576 0.264197004726434 0.0501968177408435 0.035773165491301 0.0277597183978707 0.0483285612426254 0.0349900395086458 0.040246038345014 0.191892031187777 0.0443763152339763 0.00713334413984225 2.63257811155208e-11 0.215372383597146
0.0455566567312711 0.0440100537910893 0.198488547249254 0.289087060455247 0.0879467314821082 0.0520267967046862 0.0484953595516541 0.0408637920469819 0.0488103816754064 0.0451680028088624 0.383435299884621 0.36643312384281 4.6779084232605e-06 5.03896881931911e-08 0.0544756617941752
-0.0179581844567365 0.102718763261875 0.183763360338074 0.262882701514558 0.131546376804796 0.0626011673614912 0.0261693279284541 0.038164842193861 0.0440941849275266 0.0410119257799029 0.774839194970628 0.00016401610206245 5.54851609366149e-06 4.23314105037032e-08 0.0018252692392026
0.097513118128692 0.0252637429505652 0.282349139907758 0.169533324009651 0.0586053740582086 0.0488401662123629 0.0446448996694871 0.0462300737869255 0.0685295269205454 0.0521976710595516 0.0487331241218432 0.572808273082734 2.20640062293941e-08 0.0151407032117287 0.264369637326728
0.0933634004755496 0.124212240770156 0.115999546090911 0.202895872625954 -0.149914189044547 0.0273550024067906 0.0327200994925979 0.0331650063694453 0.0382292601688097 0.035606438617597 0.000945707888354723 0.000258720735012621 0.000715798840103586 7.27029449074793e-07 5.79218904566213e-05
-0.0198510283841544 0.17503379718425 0.383622551492218 0.123785879415034 -0.0141165640047516 0.0823081669115021 0.0682675472113733 0.0430868584549239 0.0525129784595066 0.0569103872955242 0.809935907590149 0.0119172896520138 3.6421920022974e-14 0.0204630650626093 0.804631879804806
0.0230901596123904 -0.0167911610457675 0.235694832030824 0.320028067224957 0.0748697994290426 0.0302026635345743 0.0370360441835425 0.0347473942483895 0.0284712230455121 0.0353113763688826 0.446459776516808 0.651313710159052 9.97180978124683e-10 3.81317403960174e-19 0.0365884388289776
0.173877319047983 0.105909520511513 0.128566966996004 0.275637583888802 -0.0794770027903156 0.0607913653737188 0.044807111764487 0.0515691543017256 0.0491788236705127 0.0491300509999882 0.00520511579023734 0.0201310969776995 0.0143935141154146 2.03361020371951e-07 0.109045961558672
0.00679878960575739 0.0463847986212613 0.105751122428414 0.227945873824256 -0.0338426427971854 0.0619724892033901 0.0291271571094429 0.0467284652494007 0.0445059170634802 0.0318847869675101 0.912873497716418 0.114596004958751 0.0259063719752276 1.58295287264226e-06 0.291197203966108
0.166979050007737 0.0739396083768915 0.0446520927630113 0.375828990701949 0.116280707293412 0.0448516346380448 0.0490416090210194 0.0573702251454696 0.0544662902197247 0.0497479958938797 0.000333780433245756 0.134951940110109 0.438317709091331 5.76702015874862e-10 0.0215181003766621
-0.0612374333682912 0.115768879748077 0.0619126605318703 0.286163865488366 0.0703038710861662 0.0590140377941854 0.0384515186294565 0.0460632919413454 0.0370983482499952 0.0547672018098107 0.302055058439043 0.00333795335235016 0.182124215190232 1.20216258567062e-11 0.202374224686318
0.0199354356192199 0.216754571220969 0.130765650108326 0.18593997582623 0.064991220097766 0.0426043128920863 0.0511963529473185 0.0539452672993737 0.0297924806603072 0.0384921989143376 0.640913078497848 5.30608655291472e-05 0.0172412651355642 1.20663654705962e-08 0.0946096844814256
0.146189376459944 0.150281756229857 -0.0527709360349811 0.307533966257343 0.0664681957933229 0.0360145128667714 0.045528602674178 0.031197584102911 0.0380035476310062 0.0413975329333031 0.000101119479509712 0.00135873439109722 0.0940180138512121 1.92362580866531e-12 0.111679319605819
-0.00454466883907068 0.0883726121898316 0.0909879458706851 0.204997231916155 0.0240034395095222 0.0257723830843489 0.0382597486806005 0.0402221419673105 0.0405979152152492 0.0269352350881686 0.860403220065201 0.0230643433747723 0.0259680572414668 2.13470780427655e-06 0.375098092588706
0.0377872127529471 0.107156035955184 0.142026185696479 0.24424930020598 -0.0458289176982975 0.0394745472958683 0.0476937065770932 0.0407007560793239 0.0554926323987402 0.0293960665417078 0.340868261328046 0.0269711735105368 0.000735347243312163 2.81366775877673e-05 0.122318025937469
-0.112889867130165 0.128385545795382 0.148518850575046 0.305067806918548 0.204784389534794 0.0622642752021178 0.0699855528200859 0.0854952453452074 0.0444584988126209 0.0545169833961687 0.0729780244394215 0.0697160235887578 0.085600118962918 6.90198774896883e-10 0.000297289452224464
0.15342829545611 0.138953214664869 0.105887377863681 0.245517655417054 0.128712918336038 0.0486910743262567 0.0461024651017046 0.0349902277941927 0.0499929375456244 0.0484875578448079 0.00217619990074437 0.00330569630751919 0.00318664987466817 3.76248938399699e-06 0.00931142840289867
0.101012842261979 0.049786140238938 0.139381911852593 0.24144177151172 0.0344395941310126 0.0423136186215641 0.0580889020518798 0.0479196899285125 0.0471241902309634 0.0320248082144814 0.01895545571129 0.39356420471559 0.00451958764825008 1.57101173801016e-06 0.284917716277964
0.107403092386909 0.106552619350113 0.275641545212428 -0.0912199827297331 0.0171973708387903 0.0265332834527147 0.0633327893537358 0.0469116102132493 0.0573499405545626 0.0360760812239922 0.000105375302978985 0.0957707690291525 6.20328972440008e-08 0.115025305708621 0.634672353338813
0.0318648923529249 0.289538196377743 0.19415336228159 0.262726749308465 -0.0427657400445341 0.0379317819003429 0.0403022499462871 0.0532338327243857 0.0442720119188031 0.0476644705570515 0.402985155277048 1.51193144412442e-10 0.000432857929820848 4.78332556405429e-08 0.371867184530872
0.0513379610775454 0.0748852479393774 0.221101076615212 0.347654728027558 0.0125500980394741 0.0435871436201652 0.0342769498111862 0.0292587486635896 0.0352026297461104 0.0583810499653274 0.241809136891037 0.0313701951062806 2.5564489364661e-11 3.04342554584553e-16 0.830252532634131
0.0273190953622345 -0.141328360383975 -0.0635445034957588 0.113327964300458 -0.0491916577380239 0.0633385485454289 0.0503743333438048 0.0515234659065907 0.0552444710486738 0.0622085818518405 0.667213908417302 0.0060928589952505 0.220502324756872 0.0429816326578389 0.431057470767713
-0.0444625866650734 0.138158432295535 0.38020941621905 0.361241743619113 0.00134628941576618 0.0673611517980019 0.0347582177066768 0.0403313950652968 0.0592075524550238 0.0567722152857484 0.510810756091516 0.000137253850619469 2.77114871265992e-15 2.2687439787419e-08 0.981130575189965
0.0610141184772295 0.0982477911292177 0.229948838265227 0.277929434932817 -0.0121884345174498 0.0358258207991437 0.0324572597157447 0.0478482671847595 0.0606204585827357 0.0410525549416597 0.0918233443950417 0.00317906281985811 5.75755648972305e-06 1.38400785316322e-05 0.767192315275118
