0.0229102193634512 0.127771948363868 0.123725082024694 0.278488828259613 -0.00320715250793373 0.116294818872812 0.0417985341623871 0.0350009764711967 0.0544242428733401 0.0509989957534622 0.844251927320923 0.00291221963600764 0.000635024299666382 1.63842945219655e-06 0.949990349916038
0.0428459754038823 -0.00280062740595781 0.207197685590456 0.25566378955634 0.00173822492040751 0.0415983243830047 0.048129360947036 0.0699536334589051 0.0408255321374324 0.041885520931144 0.30562859620351 0.953719842112574 0.0038620854327904 1.09612066735582e-08 0.966984848143897
0.265915535060324 0.103998003245655 0.192385984662387 0.157215433640975 0.17451547927839 0.150025237516522 0.0426878385011862 0.051351582191265 0.0656265125578259 0.0628496468852639 0.0795559790787989 0.0167244520014117 0.000309295404135549 0.0185742056632237 0.00662775657595437
-0.268701136301447 0.0923633785988519 -0.133626136461537 0.265247262329838 -0.0458579198503344 0.0805548221391921 0.197507483665709 0.191725254089329 0.0494131110297609 0.0739320105351945 0.00122849248542233 0.641144362364016 0.487580985932504 5.93090330731133e-07 0.536612492611338
0.05726483802436 0.136417666318716 0.0959401634204187 0.302590148170087 -0.0257824426181665 0.0438175220786063 0.0436058720932775 0.043659759064369 0.0384960184801782 0.0387134387135973 0.194403565600755 0.00233376036226961 0.0304190712246497 5.9226252758125e-12 0.507036739828846
-0.0301033279741048 0.0857945841870507 -0.0880112144666788 0.0507406031950026 0.0103643825658626 0.045548500736181 0.037576173845556 0.0805447120118599 0.0638634379969364 0.0447741804123744 0.510288450473718 0.024670520629987 0.277318031667856 0.428895754923451 0.817444106947664
0.0484836735081602 0.18504286557472 0.0406338231718632 0.211383002868999 -0.0536909252793283 0.0448899855709901 0.0373532390085954 0.048605378956207 0.038753974781193 0.0722733975386327 0.282851877375376 3.16017034306517e-06 0.405255858146745 3.8870457229186e-07 0.459383549029805
0.100870568670288 0.0903415647980871 0.152200065609792 0.252923395770314 0.00426564094771133 0.0513605047127475 0.037604178710784 0.0486314423065002 0.0408564389364506 0.036177410719005 0.0524563143202459 0.0182302482878366 0.00232486264216474 1.5173819062886e-08 0.906388732770758
-0.276025763239353 -0.0385500368468513 -0.458476299529096 0.221575597944723 -0.00993340819004885 0.179478775287786 0.0849681964669469 0.15718358609302 0.0570832037547217 0.0496312142446288 0.127461297460219 0.651102010593087 0.00443246621815003 0.000193805814780554 0.841804681149475
0.184663609057252 0.0690380563968842 0.157937197252781 0.280254016326552 0.0656346834122219 0.0551352501280016 0.034755324626199 0.0436780456240437 0.0416439622121767 0.0783464174235274 0.00116302549735249 0.0498699462366968 0.000481360956648436 1.27835665072157e-09 0.404274053362605
0.0574636721724965 -0.194258464426745 0.212504229552334 0.162440245333573 -0.028089390677934 0.0542437164347824 0.155542188987032 0.0522506444890027 0.0594466521954973 0.0434190521441094 0.292150012537341 0.214798666506009 9.89535568934982e-05 0.00750827728765757 0.519249381103743
0.020136197675422 0.0688238081143854 0.100820459836573 0.197161961340099 -0.0396446750579292 0.0377126792488922 0.0396737762052641 0.0438858759936531 0.0662173068033156 0.0545443355121935 0.594645517325809 0.0860640754355163 0.0238187548141562 0.00369611987532 0.46913389690448
0.0606525054539661 0.101333881593556 0.112939315457586 0.300421451495849 -0.0986355141722984 0.0389626987473434 0.0513317058420138 0.0801444248936846 0.0518541829968017 0.0373090530166917 0.122871431534792 0.0512747636051299 0.162041798576906 8.91501070178442e-08 0.00959263373187207
-0.0963260406686256 -0.0751417233804509 0.194284806924593 0.297475934172096 -0.0224516967825588 0.0355377300678026 0.10823013111492 0.0476410485563662 0.0497632454258926 0.0434335173787394 0.00798563127200139 0.489220678371097 9.50340333394234e-05 4.04048176201844e-08 0.606425452823994
-0.00512989914054047 0.0537265601647927 0.217801132097117 0.302112020312686 0.0945841629013749 0.0397355816120996 0.0444833735831551 0.0352611408428487 0.0706569339569122 0.0396743468350782 0.897550749124879 0.230126399473293 1.6145097437929e-08 4.53325248663207e-05 0.019112843552395
-0.0508702081741771 0.0685352512348456 0.101882847476323 0.311250716884614 0.0691843266681575 0.0396422665202261 0.0618374994508603 0.0413085758450791 0.0513508276282043 0.0402612632966882 0.202532552493184 0.270525094998142 0.0154409758888138 2.7150831518624e-08 0.0889840027578887
0.00627088416849491 0.37196457350248 0.241388863274512 0.24612031520679 -0.0037916943143161 0.0519343786276716 0.225066579318237 0.0521227187855934 0.0591929552973181 0.0352123592619898 0.90414970760332 0.101731033797243 1.16584064077449e-05 7.08862750966782e-05 0.914478419551957
0.290024717326013 0.0546724934358135 0.435392092870636 0.290161858058475 -0.0160979143310244 0.0471279125678032 0.0499780243126695 0.173010991284796 0.0391679104849994 0.0625680825771321 1.83842117560647e-08 0.276780727819231 0.0135449182336088 5.45876519527352e-11 0.797520083607082
0.132238716201334 0.10059464493586 -0.0172204073533846 0.233593789937475 0.120873882483899 0.0479033698399218 0.0375880944649284 0.168750731709645 0.0389010005186178 0.13030617999115 0.00695184250746027 0.00879951070442571 0.918939536145609 3.6753036018991e-08 0.356008852198591
-0.0216995178882649 -0.0716553565066121 0.106583119077485 0.204864377318029 0.0241961124618652 0.0409592111596826 0.0565902764435722 0.0546048290583767 0.0523040244758046 0.0317803477675865 0.597497966334766 0.208532847839459 0.0538948731371884 0.00016898299285449 0.448331169687843
0.108399675727272 -0.131996876361149 0.0663852197579039 0.248370007395933 -0.0168125308529624 0.0500596187207435 0.0281534642749119 0.063383275878019 0.0445235805204667 0.0545412578769273 0.0328605358253497 9.19644659609476e-06 0.297590189805984 2.28008739718027e-07 0.758564371227692
-0.0289273074265511 -0.0587082937392058 0.0857611565476994 0.0993876222426627 -0.0581544089817599 0.0516335947337903 0.098978153344808 0.055932806906559 0.157036083080852 0.0570318847246021 0.57666148826343 0.554524546481822 0.128599615629129 0.528354263939494 0.310524408313176
0.0655294155247702 0.106643813991329 0.191655752488667 0.39121135086265 0.00222011233086954 0.0473401800535324 0.0407733318512727 0.0521570067554347 0.0382557398312543 0.0402213769025461 0.169532988811041 0.0103628965425174 0.000394149105138692 5.43351017602751e-17 0.956097180374913
-0.151042099013905 0.067256656187986 0.203250841598784 0.159451713029601 -0.0904890198493063 0.0919035237689419 0.0573922220408972 0.0487952147261296 0.0764096151968713 0.179184963467601 0.103623404043568 0.244207882594081 6.89608047731009e-05 0.0396129936515269 0.614738375310245
0.176305265889045 0.140553753343371 0.0428754940312445 0.276800793470549 0.0228350137524087 0.0591770453482481 0.0401858060700433 0.074995342759719 0.0376986092537441 0.0503833436014669 0.0036677198793046 0.000715922054272065 0.568869553984757 7.12404565747166e-11 0.651419918900537
0.0614449677165412 0.0750022367244322 0.109534609295141 0.246959176557759 -0.0839988085540941 0.0451682012351071 0.0480735990801459 0.0375934348836968 0.0385456971938878 0.0476444919120971 0.176935497901606 0.122048659508935 0.00445366605399921 5.67173182079352e-09 0.0811105923126947
0.228196145599974 0.0267657747217232 0.136533040823369 0.180552167367467 -0.0784444617064491 0.174947180484665 0.0441320859992571 0.0429162141895848 0.0409192187787514 0.0527594041785056 0.195291630432354 0.545649793638194 0.00198649362564278 2.72308724646611e-05 0.140405374636465
-0.134219170689968 0.0653493735040843 0.0990692792912199 0.130945029695938 -0.102036995973568 0.055359525816681 0.0380413038527836 0.0593232215805613 0.0610472305691752 0.0986494205408821 0.0172208775778188 0.0890813236215909 0.0982129225441857 0.0345050629284001 0.303603325327993
0.0471218917262546 -0.123610372154176 0.0952596429054846 0.266192888127081 -0.0641786590800776 0.0511288795379392 0.126813276210094 0.0495585651188333 0.0535813208470681 0.0406432174164305 0.359081185074738 0.332189464211163 0.0576135132292394 3.02327645905487e-06 0.117678399535946
-0.0573256672703887 0.0270485182139486 0.181228779929558 0.300205664709691 -0.0252414202835996 0.0433658539380584 0.0516527850112574 0.083321135303057 0.0382620693425983 0.0438865715044153 0.189373075612279 0.601734242429382 0.0321076682469536 6.34537250508229e-12 0.566548679948035
0.0150571078620254 0.152533847405501 0.212303276223068 0.164529954918616 -0.0870299162966134 0.05196990485184 0.0556861636863861 0.0447395811167144 0.0769694731732854 0.0446632782094173 0.772656161141213 0.00735638529847201 7.33551289084235e-06 0.035116275592274 0.0542963482188822
0.0480513739574169 0.0783087366255555 0.141944514602396 0.20828747432056 0.0276639831983056 0.0357895629576224 0.0428888473441123 0.0521465050091819 0.0595125213441028 0.0421779663785017 0.182598127739648 0.0710138358207924 0.00771917074190873 0.00071048702601222 0.513482156657135
0.000222042092010304 0.118485628459948 0.195630452233596 0.204362476706686 -0.0972657974551815 0.047745307590932 0.0304423529693932 0.0420286845948385 0.0540178683571556 0.0515098788752124 0.996299160631576 0.000184492325214285 1.05119948501208e-05 0.0002707111520216 0.0620378383676098
-0.270020861596551 0.157889682015026 0.189504479745026 0.0499642563381849 0.12326627298839 0.158837480103599 0.104254792039262 0.0517008431255383 0.102286081009219 0.0928153335693185 0.0924765649600073 0.133300656553055 0.000410762615426874 0.626362837975845 0.187401602836624
0.00186365948842146 0.0837984909754295 0.15411495603201 0.245921916248259 0.0394124152789937 0.0495557812637166 0.0398895570421166 0.058222966013153 0.046376827002998 0.0533405108932782 0.97007969602629 0.0383099734459875 0.00950766745486377 7.41477027191579e-07 0.461799497289758
0.0353568180040823 -0.380491689706173 0.148932678649773 0.274401526804041 0.071133793906953 0.0495692571543962 0.176490489701303 0.0424723972087602 0.0460303769686021 0.0506825401258059 0.477438896647523 0.0336464117981134 0.000697805712758155 4.34793429539657e-08 0.163757707619562
0.335550527594761 0.0942510648384359 0.0385211005591485 0.206048080393181 0.100227855051335 0.179122253820794 0.0318943947655757 0.0619165021805562 0.0588896428359832 0.0477748410448079 0.0641334904872574 0.00395034972880409 0.535352094704096 0.00071583622683736 0.0385948606512598
0.0128109432368972 0.0822752842704669 0.269630758485107 0.327922830232545 0.0206181114491344 0.0803835655316744 0.0353985958007705 0.020761892219593 0.0352780214626348 0.0517778730072675 0.873713616137593 0.0222428550738181 8.89100054435163e-23 5.3005470657728e-15 0.691373948804825
-0.227304925178834 0.0427559842959801 0.140534571671603 0.31733495876021 -0.0232185704058987 0.0358584643896604 0.056183469088416 0.0436142220475588 0.0478400861170925 0.0474231480518041 7.73651972878463e-09 0.448538045289754 0.00174296458431987 2.00081096937471e-09 0.625542692488041
1.4038678008176 0.0741164563764715 0.133978897843582 0.285719493513984 -0.0609704487776338 0.263177559348431 0.0319416714807552 0.0632222389956265 0.0429292549771549 0.0576624061575609 6.59825552591805e-07 0.0224842540053052 0.0367116972788767 1.86698059885407e-09 0.293052939839808
0.0409061923639901 -0.0294454278988643 0.0570001556368077 0.205142234466311 0.0372617562136944 0.0435148268615699 0.0536236029850526 0.15870368874007 0.0607428715846815 0.0828825282824246 0.349626244759526 0.584243822540095 0.720288909833973 0.0010704873461655 0.654064338263095
0.00191758616060738 -0.0312132544703815 0.191297708639153 0.332712866092151 -0.0314476178239844 0.0525682797430781 0.0509293941560227 0.038878011906394 0.0327033736806786 0.0591598320337718 0.970977755017353 0.541424680321845 3.62116221732588e-06 7.0344575258545e-17 0.596264349944568
0.114059881930431 0.00839270419081369 0.118411795006575 0.283127767038037 0.00278965370723509 0.0648511004978377 0.0532238899823448 0.0577706769499316 0.0512028732680863 0.0411638557786444 0.0818321242839486 0.875038292931285 0.0431511767521301 2.81576416385868e-07 0.946111557889196
-0.0478262725606648 -0.111509334917894 0.199661083813566 0.270578964119574 -0.0211961560183686 0.0815803194656833 0.0680162994954782 0.0334561945895819 0.0390979015286168 0.0501078065757407 0.559114221178965 0.10446220343471 4.22382055137301e-08 5.44863189256504e-10 0.673253386037327
0.0552180843766834 0.0765410924908384 0.117508955765363 0.159820166265994 -0.00449528081546272 0.0438746477101597 0.0333952327731947 0.0796872550608447 0.0661868868201904 0.0314407961504939 0.211279974130548 0.0241150474659987 0.143619280792962 0.0176637554837434 0.886611914932606
-0.120710121150937 0.0434800586815109 0.169517756557419 0.319280679375563 0.0418696340977973 0.0457742083461531 0.0575569206563746 0.183642687296542 0.0392437533225729 0.0753282499635263 0.00978522697352401 0.451881506273473 0.358326437832362 1.65518823411063e-12 0.579648274624659
0.195861251862163 0.0378884007864478 0.133501294060346 0.29299387048287 0.01380898226277 0.0596856714881923 0.0558039845127542 0.0497281782449373 0.059126512565275 0.050293649628047 0.00144483167659613 0.498817078126935 0.00856841718154764 3.14076639159593e-06 0.784245027844982
-0.0449509600939934 -0.0392286214061897 0.199848118029674 0.19670555348029 -0.0835347868392403 0.0546727898160978 0.0523254067951202 0.0465129940514821 0.0347430051967603 0.0407722565206888 0.413032384837375 0.455284945807444 4.19083267379503e-05 1.58786461168492e-07 0.0432382346084358
-0.107664238157554 -0.113133514862452 0.233535278476533 0.303499296425324 0.0263340480588969 0.0689622043890217 0.0518267034568485 0.055454126291414 0.0464593639862059 0.0391526312844578 0.121800291855363 0.0315060609891709 5.77036963668703e-05 3.18522150581601e-09 0.502834720735596
0.0229976904028619 0.0145375241620302 0.0230098202057905 0.268952943602424 -0.00695782400988138 0.0402467878166377 0.0519853969145273 0.148360988333707 0.0563523678164414 0.0405551117598401 0.569080927460329 0.780363289479225 0.87708017635026 6.65334034227669e-06 0.864148590589142
-0.0185180184731702 0.104523043839015 0.128348704488532 0.250896720942594 0.000130443467087983 0.0471334871191139 0.0608853407507247 0.0448415340429592 0.0480173238671327 0.0427700597420856 0.695284973745248 0.089289313301761 0.00517437610292043 1.0278576168155e-06 0.997572948461873
0.27609055132731 -0.0145317664847471 0.166750826819263 0.0553720648906517 0.0607179911166281 0.134013977508738 0.0464502741644147 0.0518394291948945 0.116814845558568 0.0373968074715489 0.0421766865666035 0.755098395742922 0.0017847502169159 0.636599743142549 0.107843047249619
0.0214963003744306 -0.106445152962034 0.16028594910062 0.25016607147539 0.0456565477904643 0.0429626079396628 0.134308242434561 0.0368842864878915 0.0358403404124633 0.0496943705879606 0.617998741809978 0.430039426668832 3.51126912352311e-05 4.12485610725792e-10 0.36057950238147
0.0961839119355742 0.253629296787164 0.310421649129014 0.213549287268739 0.144309225364338 0.0559282653605466 0.0620828694729582 0.0517935896730442 0.0607329487706303 0.0507436840187471 0.0887300617665836 9.19049709853201e-05 3.67711723193323e-08 0.000672993874725828 0.00545723754200388
0.0110987414780137 0.0779789106588835 0.0594799237758213 0.29892816987693 0.0530167982377222 0.0480242627960892 0.0379895278754334 0.0349843525857223 0.0401186325926344 0.0463224153131974 0.817728719090341 0.0428573677025391 0.0923676320804041 4.240733056043e-11 0.255284681119046
0.0977577255558137 0.181162150287546 0.0594680115577236 0.544596914233959 0.00599157793717277 0.0447239607978133 0.0615349996663044 0.0464292165632568 0.0427014830408866 0.0541835336185256 0.0312877726107046 0.0040722042529851 0.203370877878086 2.67222041023695e-22 0.912183228102619
0.140455708131391 0.147179887480943 0.186490194964928 0.171667556498096 0.0325228103024939 0.0711252342451606 0.0460039006853635 0.0555415921113603 0.0414684846145656 0.0527812058163682 0.0512287635140077 0.00187860450092907 0.00113607074296476 7.58142576000921e-05 0.539263950986729
0.0313466294562327 0.150428572548471 0.191115101100319 0.179394817442397 0.0590767002698229 0.0315754254197715 0.0434042260251927 0.0417107115481919 0.0978906701268941 0.0522640245036918 0.323351763163802 0.000795437959589253 1.39941441898836e-05 0.0699939709735346 0.261174040662758
0.0752800804743023 0.0703454702070804 0.139731304696714 0.303970731718697 -0.0192384981985951 0.0658880254237463 0.0387283993143411 0.0406918558954591 0.0575326502155347 0.0471725693595472 0.256098619745527 0.0724659177047223 0.000883318982996617 8.04230988525115e-07 0.684314440543758
-0.127992849203624 0.0821064356212625 0.207845730114138 0.396961339105833 -0.134260605106694 0.069077759004358 0.0394547418276116 0.0610884729703245 0.0612418249579199 0.0605415322672602 0.0670038025277298 0.0401218718508511 0.000979155950127717 4.0221902589409e-09 0.0289617208756747
0.0976752779223483 0.0701795733584762 0.156824975225804 0.300428323972827 0.234554169428559 0.0717587798282973 0.0488272930204498 0.0528480731587013 0.0395470832565474 0.107309676954351 0.17671686408812 0.153952626965687 0.00380803208488255 2.21986367529458e-11 0.0313166743757305
-0.034611400372092 0.0291930573310845 0.265286135803904 0.278773633749153 0.0553708941690527 0.0390171511008498 0.0438569105739109 0.0619240266203802 0.0289961817048323 0.0530681449397574 0.377275177570083 0.507252140400983 4.39383813922127e-05 1.10348201924483e-15 0.299414497357685
0.0403446457980983 0.019343954003326 0.0957130802011293 0.244487998902734 0.204841946120498 0.0532682075326383 0.0510450039833303 0.0541958253845539 0.0503754892168519 0.160483396423442 0.450712480796048 0.705573087692187 0.0806324517119863 4.81431503740047e-06 0.204956632115913
0.026709770514663 0.489090794007559 0.216983909306099 0.200439788637 0.519119066694087 0.0733971864691958 0.209552540343852 0.0453930145838301 0.0829056503441022 0.196488443649546 0.716753258333757 0.0217506020106059 6.53798217909465e-06 0.0175689945223844 0.00967015477787161
0.107819433077514 0.130160674139073 0.256137578200726 0.153235602748641 -0.0377026265708484 0.0406593844735553 0.0572586691029347 0.0504575216905848 0.0365136222577344 0.0477848509266495 0.00938308287695485 0.0252666104077635 1.91066111679438e-06 6.09402364024146e-05 0.432072058403558
0.0843409818657686 0.194915333930752 0.133314536048284 -0.418726027708434 0.0173327691730405 0.0821083058592003 0.0341491112287261 0.0461617441144658 0.190402664941102 0.033663180770818 0.306966143064004 1.32675593458612e-07 0.00481168906270502 0.0303194265086055 0.607839890725666
-0.385259444301324 0.116242423479897 0.177891683062629 0.196854685263165 0.0927027841125535 0.198824418004884 0.0512767003565227 0.0393007144894016 0.0525708131308788 0.0437526763524602 0.0556628705182694 0.0256844617436344 1.75505659378701e-05 0.000311320688477912 0.0367448665141342
-0.0652907378191181 0.0352946685845279 0.18459972041927 0.271831544331751 0.154668132449684 0.0555083480718534 0.0503973000969244 0.0377076777652311 0.0388636922943556 0.178312935357959 0.242472117814187 0.485451919251322 4.05904304434743e-06 3.85430535435548e-10 0.387933355894892
-0.0588970744072442 0.157620174666024 0.351498096680924 0.197944783429678 0.0197531989969326 0.0377037233688275 0.0573820531823638 0.0451705802441609 0.0502430859365743 0.0410738063961749 0.121589108410895 0.00719878841793501 8.66378888664553e-12 0.000155683212144445 0.631679398344504
-0.00771028058257755 0.0942206992790862 0.222177851043801 0.339211579439093 -0.0910958499618825 0.0441933254602429 0.0482286201615434 0.042528863208042 0.0455238230859389 0.0621570483741844 0.861869668796756 0.0536870381149471 1.03201856763006e-06 4.23682983962263e-11 0.146065976441133
0.0529132234268701 0.00818939749245113 0.278494192484402 0.487960857138266 0.0297534029787313 0.0406914618244188 0.0407094303907195 0.0382600338522208 0.0410881033888281 0.0625132507561912 0.196626185632854 0.840998016104766 9.63831663142869e-11 1.76187411719906e-20 0.635200200894831
0.0630444294344196 -0.18168822051972 0.0952609985638324 0.262898510010081 0.0516885984067632 0.0431629772442501 0.069107839939121 0.0427886148858884 0.0477028452730059 0.199678906536999 0.14745599535037 0.0100025703995304 0.0283819429756512 3.10587256802826e-07 0.796310357324818
-0.0817354548223347 0.123573031506603 0.201320790642373 -0.209896478291076 0.0512003248141435 0.234475381414459 0.068376890693799 0.0500755001632431 0.0515427886341341 0.0785245716872967 0.728177699097981 0.0739247686573611 0.000117231316289017 9.70739886177275e-05 0.515973430005858
-0.0455056664065015 -0.01501145654591 -0.293050121681083 0.156352484158538 -0.101035762477851 0.0739169067830609 0.0608809372163694 0.182100901827009 0.0750451903462298 0.0442978187088313 0.539624709942096 0.80577813234574 0.110910048004406 0.0399249066060281 0.0248172681352202
0.0519483143402632 0.116103403821116 0.17402956422652 0.237986320347445 0.0343379325457793 0.0685280376847779 0.0432161486711168 0.0482093632277661 0.0439433252434403 0.0794401148460036 0.450291936633361 0.00852204606565494 0.000491363361746186 4.58709169757657e-07 0.666539817732899
0.22659241741252 0.00339023718491028 0.19877759190856 0.310987551799854 0.0703496259186308 0.0470001551250248 0.0479027549496929 0.0596159069833919 0.045424101687773 0.049497812585734 5.41378879933325e-06 0.943726937136609 0.00122049592485429 7.42259940139035e-10 0.158513411334516
0.0348003796296149 0.0804111050458499 0.0999092471862352 0.285053130821245 0.0533886599772087 0.0426198342473473 0.0358389757742505 0.0692661782892355 0.0498495790359731 0.0499619902948237 0.416239817805887 0.0271758497387477 0.152479617954296 1.24059512005342e-07 0.287964246534325
0.0612302602390132 0.00915343575093983 0.223224233553558 0.250538215565706 0.0186134254868307 0.0583300873756563 0.0603845028185188 0.0421338593010414 0.053398983360629 0.049870244455279 0.296509952005753 0.879835042764891 7.56386654422489e-07 9.07547759084138e-06 0.709803528981714
-0.0469557583702858 0.0315083607661927 0.199036850077145 0.266999164755198 0.194408668314705 0.0720658286366384 0.132267762041479 0.0442641820453309 0.0494571416614154 0.0513776243105555 0.516270028089424 0.812231711956443 1.97021326069843e-05 5.02392133072606e-07 0.00027154075223423
0.155256564495757 0.0368326372883985 0.204563548599386 0.207074644488724 0.0482078583280367 0.0443926571717257 0.0413366776629664 0.0646266718715439 0.0653817276193114 0.0441050083131336 0.00071651400105681 0.375158820947804 0.00208209837983896 0.00207015326432428 0.277146959392795
0.100796517714016 0.111242329862034 0.127621415962923 0.20034931384678 -0.153277791460429 0.0349776500042744 0.0420883404443234 0.0460104504466047 0.0508571442468413 0.0445173323632559 0.00488961027899616 0.00961042581940571 0.00667123324440856 0.000155844378809853 0.000857011502865582
-0.0861177310458291 -0.0635238205152046 0.389226637192572 0.17602870774396 -0.0812020367723477 0.0806781077962992 0.182317310746757 0.0525830943614833 0.0640753734182798 0.115090669131295 0.288543579897912 0.728308901186384 5.89272330813755e-11 0.00721797018053357 0.482232567973759
0.0198273116059659 0.0368662394609242 -0.0186740040387349 0.28647849855055 0.0836305580420863 0.0346287469626882 0.0451043518171369 0.18349551099235 0.0363431926418998 0.043637769291979 0.56830422668364 0.415792809831239 0.919157454451673 5.62562116084368e-12 0.058342961330542
0.108971569940415 0.187836648566341 0.0778109961264965 0.272686104311597 -0.0325086685581195 0.0555554610309863 0.0447355522247111 0.056726741739536 0.0419261778349123 0.0494130343863931 0.0527491344060894 6.04539774984246e-05 0.173393647070331 3.63374082645083e-09 0.512195618991849
-0.043966229600557 -0.00656974673107003 0.0557856600674523 0.279646303871874 -0.0301331431212229 0.0758498200365083 0.043058697122821 0.0635908028857878 0.0555848985610256 0.038420194877206 0.563523852441474 0.879055821913063 0.382558605498137 2.30356195385477e-06 0.434812584151963
0.0773649904072821 0.0588128689834923 0.100829030155635 0.387506525767115 0.0945590916443106 0.0424229136514833 0.0461399493733896 0.0600598936273061 0.0587679280739886 0.0620640793744965 0.071347746872008 0.205537611122252 0.0964759586397887 2.40083465750686e-09 0.130937722362755
-0.0863244500513456 0.141600776760418 0.122471971785983 0.280168918420634 0.0226959712469778 0.0641146921337492 0.0382116731624494 0.0466120496841124 0.0397637090198893 0.0708987902164535 0.181375137491706 0.000354213283701665 0.010030178147195 2.90786618826206e-10 0.749581965426076
0.0443173681031449 0.214901132670147 0.0825940426386104 0.20207243387095 0.0447150290450003 0.0446161921296251 0.0555188651264684 0.0679341351817823 0.200995247313059 0.0426234808191941 0.323112713665598 0.000200177680861046 0.227107198291414 0.317304883683245 0.296835522382304
0.138512463875885 0.146369623752835 -0.0535719596017083 0.293543523760864 0.085502714324733 0.0447656650631033 0.0498525925677015 0.0413226607509137 0.0469748960105989 0.0472600200848204 0.00259254775153105 0.00416962427042389 0.197967600469387 1.16485249933618e-08 0.0735831133511346
0.234674338720951 0.112948195126831 0.143648906408177 0.165313681191369 -0.00461829377694795 0.170061147947704 0.0531324803447255 0.056466441053909 0.0597444768048169 0.0381050191319027 0.170878241912179 0.0361423690391728 0.0125908984350163 0.00681263188246674 0.903792046350049
0.0224706789013197 0.129664553590911 0.164589215966417 0.220409948321758 0.0150591328788519 0.0455952606072889 0.0482696429463575 0.0436203306562286 0.0688634513456126 0.0371907862279846 0.623270416666575 0.00852962147659565 0.000280332467184103 0.00186474596475438 0.686449805213883
-0.0433632573914706 0.111855354276693 0.211729657558874 0.308767282132876 0.119865613327437 0.0443348116841131 0.0504197512095359 0.0876859201233741 0.0348535287700148 0.0535056978253762 0.330515987319329 0.028903783289969 0.0176657317961534 4.53129684759095e-14 0.0274061316076999
0.201746375396001 -0.0434189657713573 0.0595172287327352 0.193825863208098 0.072587468383662 0.0597645481622143 0.144533059123553 0.0612716146867763 0.0711573448240202 0.0665131637444641 0.00107582144270261 0.764536055249896 0.333885163469614 0.0077061970155113 0.277949266752545
-0.0872909956667127 0.0835072038364782 0.144175192903017 0.125655296674494 0.0446408678754671 0.104808780163394 0.065850515763312 0.051939059161263 0.0641763082357313 0.0342746092409186 0.407035061830641 0.207882418507053 0.00664397189951014 0.0531986410046922 0.195945664479058
-0.541394315018611 0.130200960748334 0.200107370201113 -0.0909312993738857 0.0577565345878047 0.183827797152631 0.0689374647508215 0.0613205383515716 0.073413930811888 0.0407743249396584 0.00406874529347148 0.0620177021444883 0.00153602557288398 0.218573790197135 0.159936751920213
-0.024257202887203 0.271337626342692 0.198023718137899 0.29717321453282 -0.0527047323681942 0.0519882929127552 0.0574511506928707 0.0501098393225867 0.0518097930184669 0.0474201353083131 0.641861679292052 8.02010021464353e-06 0.000149103935240737 1.14867354154339e-07 0.269183062018528
0.00514430747389005 0.0256357849724299 0.240119350377912 0.399858323591352 0.0298593460253854 0.0521210399862166 0.183987382285853 0.0421806715283889 0.0494443651316377 0.0677680774280865 0.921587236035123 0.889483943391488 1.4171813310619e-07 2.09621806690372e-12 0.660506415236014
0.122288140791268 -0.188541428705431 0.289001313952322 0.0934197189637798 0.000941368838444418 0.0570491395620039 0.0598806024739344 0.218081133914783 0.0572026342107145 0.0530275508445054 0.034649447898022 0.00219900713735081 0.188316658972802 0.105785580635752 0.985873966225444
-0.0114511933651486 0.151672125802552 0.323127368781829 0.341990805798832 0.0261392662235717 0.0617606753243454 0.0307388388886155 0.0418860939343168 0.0563420678148014 0.0549268142864883 0.853300894654953 3.42386881989948e-06 1.19767830675631e-11 2.61190435663754e-08 0.635243434956134
0.0597641426819021 0.1072277420936 0.198794585546989 0.273955303177727 -0.0445696424756214 0.0369618248091101 0.0372439257540794 0.0618550047915109 0.072438533295792 0.0476738998452324 0.109212502456405 0.00492785374768013 0.00178920448406976 0.000271978247202095 0.352217568075694
