-0.0663624346847496 0.130953937594854 0.131778744561848 0.268247661487773 -0.00678797520422362 0.039042064490957 0.0408851253944844 0.034870816114149 0.0548312526971113 0.0510892142967751 0.0924467460742689 0.00185142129092034 0.000274690589403588 4.06110234855109e-06 0.894581069725516
0.0428459754038823 -0.00280062740595781 0.207197685590456 0.25566378955634 0.00173822492040751 0.0415983243830047 0.048129360947036 0.0699536334589051 0.0408255321374324 0.041885520931144 0.30562859620351 0.953719842112574 0.0038620854327904 1.09612066735582e-08 0.966984848143897
0.0816826936479141 0.0917106369755972 0.150305572054581 0.128623377319221 0.244218953124692 0.0394047631956311 0.042575107786903 0.0492274239079459 0.0648699307369223 0.063051188142561 0.0408880198915353 0.0337630914717233 0.00293616216123329 0.0502791007940226 0.000197206082507098
-0.282334638726994 0.231601063115493 0.274257772564639 0.257801826857644 0.00487458965114013 0.0838024657767861 0.0536092187488748 0.0397212968009179 0.0504700764031872 0.040607906499154 0.00109107468584686 3.8338235642684e-05 5.65088081400254e-10 1.6754814423386e-06 0.904704641825628
0.05726483802436 0.136417666318716 0.0959401634204187 0.302590148170087 -0.0257824426181665 0.0438175220786063 0.0436058720932775 0.043659759064369 0.0384960184801782 0.0387134387135973 0.194403565600755 0.00233376036226961 0.0304190712246497 5.9226252758125e-12 0.507036739828846
-0.0676449198580536 0.0811001362738023 -0.236596079059062 0.125769062924718 -0.0589821332631391 0.047817431302277 0.0359937139288259 0.0676450546165693 0.0506921624192992 0.0442636686912785 0.160440522370946 0.0265483784582631 0.000715888999841102 0.0148583548750117 0.185877456966751
0.0484836735081602 0.18504286557472 0.0406338231718632 0.211383002868999 -0.0536909252793283 0.0448899855709901 0.0373532390085954 0.048605378956207 0.038753974781193 0.0722733975386327 0.282851877375376 3.16017034306517e-06 0.405255858146745 3.8870457229186e-07 0.459383549029805
0.100870568670288 0.0903415647980871 0.152200065609792 0.252923395770314 0.00426564094771133 0.0513605047127475 0.037604178710784 0.0486314423065002 0.0408564389364506 0.036177410719005 0.0524563143202459 0.0182302482878366 0.00232486264216474 1.5173819062886e-08 0.906388732770758
-0.0324597786389709 -0.0689738391088058 0.23471306086363 0.166692270458874 -0.0606693946680285 0.0302480152494224 0.0857210387362274 0.0391570141184474 0.0593493205905206 0.0504913867132211 0.285935205682516 0.423041519517181 3.66542873164305e-08 0.00603901769906411 0.232513571705237
0.184663609057252 0.0690380563968842 0.157937197252781 0.280254016326552 0.0656346834122219 0.0551352501280016 0.034755324626199 0.0436780456240437 0.0416439622121767 0.0783464174235274 0.00116302549735249 0.0498699462366968 0.000481360956648436 1.27835665072157e-09 0.404274053362605
0.0353705922239054 0.194856955032564 0.214938218889891 0.140476848168064 -0.044967993863181 0.0537502630849151 0.0262223914213119 0.0519242178356031 0.0613885215149216 0.0424151588942107 0.512094740069841 4.67005865447741e-11 7.53276693505128e-05 0.0243354046954278 0.29174762160637
0.0199081884979253 0.0665279462668965 0.101045184477658 0.197899464586681 -0.0409119084176059 0.035165654294354 0.0348667924504667 0.0434912414474759 0.0561606816020786 0.0504230820122403 0.572643093260047 0.0594031306445811 0.0222936699285134 0.000656152401545007 0.419179936438185
0.0606525054539661 0.101333881593556 0.112939315457586 0.300421451495849 -0.0986355141722984 0.0389626987473434 0.0513317058420138 0.0801444248936846 0.0518541829968017 0.0373090530166917 0.122871431534792 0.0512747636051299 0.162041798576906 8.91501070178442e-08 0.00959263373187207
-0.0909528300821378 -0.0102077456128375 0.195425326265904 0.281140497835961 -0.0539586618759092 0.0347744581656972 0.0519344097323184 0.0474745350859629 0.0472171772314594 0.0431348051343821 0.0103635130282156 0.844599002343955 8.19981143814652e-05 4.37968490378213e-08 0.214031694859856
-0.00512989914054047 0.0537265601647927 0.217801132097117 0.302112020312686 0.0945841629013749 0.0397355816120996 0.0444833735831551 0.0352611408428487 0.0706569339569122 0.0396743468350782 0.897550749124879 0.230126399473293 1.6145097437929e-08 4.53325248663207e-05 0.019112843552395
-0.0508702081741771 0.0685352512348456 0.101882847476323 0.311250716884614 0.0691843266681575 0.0396422665202261 0.0618374994508603 0.0413085758450791 0.0513508276282043 0.0402612632966882 0.202532552493184 0.270525094998142 0.0154409758888138 2.7150831518624e-08 0.0889840027578887
-0.0305161656321155 0.0482984890556206 0.235022531581613 0.249463379288144 -0.00017920797007581 0.051551976952709 0.0455269446582748 0.0510977431926636 0.0586672375276495 0.0350525956263226 0.555290587227679 0.291435449921355 1.30640127482662e-05 4.95307102285807e-05 0.995931517724922
0.259577824158466 0.0438483979356955 0.109706467486538 0.268252466258144 -0.0291103933467586 0.0461845486011075 0.0500878642502654 0.0424540022320224 0.0385922636848764 0.0623847764609828 1.90014001055662e-07 0.383548244454563 0.0112856364009738 4.54540253267174e-10 0.64183541448122
0.105494395120683 0.0992911862410218 0.0686477731446179 0.231939016877783 -0.0835727080151908 0.0426106224634592 0.0368532437676728 0.0425245066211281 0.0381862708005566 0.0436911086579935 0.0150651781467851 0.00834250207971238 0.109776769378102 2.56565377927111e-08 0.0587845341849973
-0.0216995178882649 -0.0716553565066121 0.106583119077485 0.204864377318029 0.0241961124618652 0.0409592111596826 0.0565902764435722 0.0546048290583767 0.0523040244758046 0.0317803477675865 0.597497966334766 0.208532847839459 0.0538948731371884 0.00016898299285449 0.448331169687843
0.108399675727272 -0.131996876361149 0.0663852197579039 0.248370007395933 -0.0168125308529624 0.0500596187207435 0.0281534642749119 0.063383275878019 0.0445235805204667 0.0545412578769273 0.0328605358253497 9.19644659609476e-06 0.297590189805984 2.28008739718027e-07 0.758564371227692
-0.00871516869722414 0.137378675452931 0.0770389558776297 0.128698064336846 -0.102428500646287 0.0504711617681211 0.0454326718216611 0.0595269187756884 0.0377510857416046 0.0561700488975465 0.86327330065843 0.00320989109624066 0.198738154657402 0.000957842195594069 0.0713656685400806
0.0655294155247702 0.106643813991329 0.191655752488667 0.39121135086265 0.00222011233086954 0.0473401800535324 0.0407733318512727 0.0521570067554347 0.0382557398312543 0.0402213769025461 0.169532988811041 0.0103628965425174 0.000394149105138692 5.43351017602751e-17 0.956097180374913
-0.0990830967841904 0.0835186369288743 0.199048944504826 0.140282375807893 -0.0167612104700924 0.0912626605316642 0.0554779006200831 0.0479407228319046 0.0760968148745135 0.0486002898530552 0.280362798955626 0.135528817976163 7.19240084419764e-05 0.0683776730144767 0.730947848972145
0.176305265889045 0.140553753343371 0.0428754940312445 0.276800793470549 0.0228350137524087 0.0591770453482481 0.0401858060700433 0.074995342759719 0.0376986092537441 0.0503833436014669 0.0036677198793046 0.000715922054272065 0.568869553984757 7.12404565747166e-11 0.651419918900537
0.0614449677165412 0.0750022367244322 0.109534609295141 0.246959176557759 -0.0839988085540941 0.0451682012351071 0.0480735990801459 0.0375934348836968 0.0385456971938878 0.0476444919120971 0.176935497901606 0.122048659508935 0.00445366605399921 5.67173182079352e-09 0.0811105923126947
0.0624126254714376 0.000544315832579823 0.129553119659914 0.194512682097464 -0.0715494492099431 0.0505096078594926 0.0437917838252398 0.0419527698694987 0.0408409086133365 0.0523720470575641 0.219632399447054 0.990108908198471 0.00264130950031578 6.84345262690912e-06 0.175108900132699
-0.134219170689968 0.0653493735040843 0.0990692792912199 0.130945029695938 -0.102036995973568 0.055359525816681 0.0380413038527836 0.0593232215805613 0.0610472305691752 0.0986494205408821 0.0172208775778188 0.0890813236215909 0.0982129225441857 0.0345050629284001 0.303603325327993
0.041412649187806 0.137931382427032 0.0780886267731317 0.266054850539767 -0.0678869969051461 0.0515011685135881 0.0422037539792894 0.0497165759469351 0.0527356973513878 0.0400999855231225 0.423340573171299 0.0015072857317757 0.119582792147 2.17370408803933e-06 0.0937433030567195
-0.0573256672703887 0.0270485182139486 0.181228779929558 0.300205664709691 -0.0252414202835996 0.0433658539380584 0.0516527850112574 0.083321135303057 0.0382620693425983 0.0438865715044153 0.189373075612279 0.601734242429382 0.0321076682469536 6.34537250508229e-12 0.566548679948035
0.0150571078620254 0.152533847405501 0.212303276223068 0.164529954918616 -0.0870299162966134 0.05196990485184 0.0556861636863861 0.0447395811167144 0.0769694731732854 0.0446632782094173 0.772656161141213 0.00735638529847201 7.33551289084235e-06 0.035116275592274 0.0542963482188822
0.0480513739574169 0.0783087366255555 0.141944514602396 0.20828747432056 0.0276639831983056 0.0357895629576224 0.0428888473441123 0.0521465050091819 0.0595125213441028 0.0421779663785017 0.182598127739648 0.0710138358207924 0.00771917074190873 0.00071048702601222 0.513482156657135
0.000222042092010304 0.118485628459948 0.195630452233596 0.204362476706686 -0.0972657974551815 0.047745307590932 0.0304423529693932 0.0420286845948385 0.0540178683571556 0.0515098788752124 0.996299160631576 0.000184492325214285 1.05119948501208e-05 0.0002707111520216 0.0620378383676098
0.0702706932958941 0.0696308173613946 0.211521219298909 0.186731239208814 0.03026872312865 0.0295281501324884 0.0493062395561472 0.0494210452795116 0.0615827606253031 0.0401352715571458 0.0193206245224067 0.161155228407079 4.46177633065227e-05 0.00312951235015204 0.452613887474948
0.00186365948842146 0.0837984909754295 0.15411495603201 0.245921916248259 0.0394124152789937 0.0495557812637166 0.0398895570421166 0.058222966013153 0.046376827002998 0.0533405108932782 0.97007969602629 0.0383099734459875 0.00950766745486377 7.41477027191579e-07 0.461799497289758
0.0461296730715899 0.107440772711532 0.12194410709557 0.257227889606565 0.0736559059365151 0.0497436557078476 0.0276528126870806 0.0420298431075106 0.0467971681785643 0.0510181546974318 0.356096007101188 0.000188990327652045 0.00461713325847716 3.24372785953532e-07 0.152107596762205
0.0848455632268684 0.0962046392247184 0.0624069339278373 0.233076886314844 0.0724141616596582 0.0402626132818392 0.031634016793327 0.0617204014920806 0.057722368792974 0.0475031005705125 0.0377251865601367 0.00304581274514596 0.314525830483109 0.000109265444802467 0.130728740594405
0.0128109432368972 0.0822752842704669 0.269630758485107 0.327922830232545 0.0206181114491344 0.0803835655316744 0.0353985958007705 0.020761892219593 0.0352780214626348 0.0517778730072675 0.873713616137593 0.0222428550738181 8.89100054435163e-23 5.3005470657728e-15 0.691373948804825
-0.227304925178834 0.0427559842959801 0.140534571671603 0.31733495876021 -0.0232185704058987 0.0358584643896604 0.056183469088416 0.0436142220475588 0.0478400861170925 0.0474231480518041 7.73651972878463e-09 0.448538045289754 0.00174296458431987 2.00081096937471e-09 0.625542692488041
-0.127831859687889 0.0780984569542748 0.143303628254237 0.340562049358149 0.0747640855242429 0.0414063347713122 0.0311738822411531 0.0648716123724337 0.0424845388728763 0.0540895388784734 0.00264790833577166 0.0139383465502751 0.0295761385991876 2.7837295295493e-12 0.170142881523085
0.0416440965773302 0.00114137064607969 0.190424719674463 0.239314343367917 -0.00164190193055321 0.0427864097356701 0.052039438297742 0.0358635791067357 0.0563988078420274 0.0445281045365313 0.332875016898426 0.982547561490376 7.19836984081014e-07 5.12148355381342e-05 0.97066333332376
0.00191758616060738 -0.0312132544703815 0.191297708639153 0.332712866092151 -0.0314476178239844 0.0525682797430781 0.0509293941560227 0.038878011906394 0.0327033736806786 0.0591598320337718 0.970977755017353 0.541424680321845 3.62116221732588e-06 7.0344575258545e-17 0.596264349944568
0.114059881930431 0.00839270419081369 0.118411795006575 0.283127767038037 0.00278965370723509 0.0648511004978377 0.0532238899823448 0.0577706769499316 0.0512028732680863 0.0411638557786444 0.0818321242839486 0.875038292931285 0.0431511767521301 2.81576416385868e-07 0.946111557889196
-0.100253567625389 0.0314649446786268 0.198682802149098 0.289298332948793 5.09124263515202e-05 0.0740524755730473 0.0392684628636213 0.0332809420126901 0.0371880654396568 0.046545341055051 0.179006526416121 0.424970460366097 4.08457153821613e-08 8.75791894978825e-12 0.999129548269887
0.0552180843766834 0.0765410924908384 0.117508955765363 0.159820166265994 -0.00449528081546272 0.0438746477101597 0.0333952327731947 0.0796872550608447 0.0661868868201904 0.0314407961504939 0.211279974130548 0.0241150474659987 0.143619280792962 0.0176637554837434 0.886611914932606
-0.123407106879365 0.0308137575563547 0.06184658416398 0.313254227071714 0.0421275892318403 0.0415859318041415 0.0565597938393266 0.060921794473786 0.0388957429511578 0.0740408685656542 0.00379845072888509 0.587167954472876 0.312598599992695 2.31987764710244e-12 0.570714142979295
0.195861251862163 0.0378884007864478 0.133501294060346 0.29299387048287 0.01380898226277 0.0596856714881923 0.0558039845127542 0.0497281782449373 0.059126512565275 0.050293649628047 0.00144483167659613 0.498817078126935 0.00856841718154764 3.14076639159593e-06 0.784245027844982
-0.0449509600939934 -0.0392286214061897 0.199848118029674 0.19670555348029 -0.0835347868392403 0.0546727898160978 0.0523254067951202 0.0465129940514821 0.0347430051967603 0.0407722565206888 0.413032384837375 0.455284945807444 4.19083267379503e-05 1.58786461168492e-07 0.0432382346084358
-0.107664238157554 -0.113133514862452 0.233535278476533 0.303499296425324 0.0263340480588969 0.0689622043890217 0.0518267034568485 0.055454126291414 0.0464593639862059 0.0391526312844578 0.121800291855363 0.0315060609891709 5.77036963668703e-05 3.18522150581601e-09 0.502834720735596
0.0644822014529074 0.0271306858433691 0.251620283280689 0.268864009240939 -0.00904918803969057 0.0405774235130779 0.0527442215890681 0.0286628172759455 0.0566584149690487 0.0401458362063431 0.115357044592925 0.608179416009642 6.72278948162994e-14 7.33440389967585e-06 0.822146167702691
-0.0185180184731702 0.104523043839015 0.128348704488532 0.250896720942594 0.000130443467087983 0.0471334871191139 0.0608853407507247 0.0448415340429592 0.0480173238671327 0.0427700597420856 0.695284973745248 0.089289313301761 0.00517437610292043 1.0278576168155e-06 0.997572948461873
-0.132981909418077 -0.0204070346844566 0.147524860774263 0.2831965610914 0.0814225131007061 0.047725715675856 0.0511365303000467 0.0533060984924893 0.039443267483475 0.0421355441461823 0.00643587119090944 0.690737584144445 0.00679047233210515 1.5432411918548e-10 0.0562896518914915
0.0288907117560082 0.0123719616047031 0.165383152313907 0.246552586473156 0.032057493971097 0.0425372769589669 0.0439827034912325 0.0363660691308894 0.0356209810707427 0.0494985060280922 0.498671615990063 0.779098583223535 1.59935103445919e-05 5.21774478440238e-10 0.518776228913536
0.0961839119355742 0.253629296787164 0.310421649129014 0.213549287268739 0.144309225364338 0.0559282653605466 0.0620828694729582 0.0517935896730442 0.0607329487706303 0.0507436840187471 0.0887300617665836 9.19049709853201e-05 3.67711723193323e-08 0.000672993874725828 0.00545723754200388
0.0110987414780137 0.0779789106588835 0.0594799237758213 0.29892816987693 0.0530167982377222 0.0480242627960892 0.0379895278754334 0.0349843525857223 0.0401186325926344 0.0463224153131974 0.817728719090341 0.0428573677025391 0.0923676320804041 4.240733056043e-11 0.255284681119046
0.0977577255558137 0.181162150287546 0.0594680115577236 0.544596914233959 0.00599157793717277 0.0447239607978133 0.0615349996663044 0.0464292165632568 0.0427014830408866 0.0541835336185256 0.0312877726107046 0.0040722042529851 0.203370877878086 2.67222041023695e-22 0.912183228102619
0.367106286556563 0.0384746858403191 0.206837379354436 0.2997890389031 0.00524966103274881 0.0702172243230803 0.0707502729609509 0.0449470005931012 0.0502628620443434 0.0597861759767622 1.01490456529788e-06 0.587846387027122 1.29448163532119e-05 4.18480175374707e-08 0.930214684924741
0.0313466294562327 0.150428572548471 0.191115101100319 0.179394817442397 0.0590767002698229 0.0315754254197715 0.0434042260251927 0.0417107115481919 0.0978906701268941 0.0522640245036918 0.323351763163802 0.000795437959589253 1.39941441898836e-05 0.0699939709735346 0.261174040662758
0.0752800804743023 0.0703454702070804 0.139731304696714 0.303970731718697 -0.0192384981985951 0.0658880254237463 0.0387283993143411 0.0406918558954591 0.0575326502155347 0.0471725693595472 0.256098619745527 0.0724659177047223 0.000883318982996617 8.04230988525115e-07 0.684314440543758
-0.127992849203624 0.0821064356212625 0.207845730114138 0.396961339105833 -0.134260605106694 0.069077759004358 0.0394547418276116 0.0610884729703245 0.0612418249579199 0.0605415322672602 0.0670038025277298 0.0401218718508511 0.000979155950127717 4.0221902589409e-09 0.0289617208756747
0.104181789101133 0.0819792307699413 0.147380734860371 0.304794569838126 0.140051171891108 0.0719100121045618 0.0487451762223573 0.0514755261497841 0.036480989771121 0.0394320211912119 0.150691814255136 0.0958938215102115 0.00516163709030559 5.35138520726344e-13 0.000597718824030744
-0.034611400372092 0.0291930573310845 0.265286135803904 0.278773633749153 0.0553708941690527 0.0390171511008498 0.0438569105739109 0.0619240266203802 0.0289961817048323 0.0530681449397574 0.377275177570083 0.507252140400983 4.39383813922127e-05 1.10348201924483e-15 0.299414497357685
0.0451882612403175 0.0230865815351749 0.0968590738981356 0.237314487425012 0.112469323123042 0.0533169208917529 0.0494673073082204 0.0525815733571182 0.046050373521804 0.0685362152966211 0.398824039036868 0.641780324364977 0.0685840780038628 1.38754183722539e-06 0.104100027713078
0.0936181335912432 -0.0126014411837226 0.161082080101992 0.153258472092464 -0.299468043063929 0.0717749403008199 0.0535554581844118 0.0499093312109171 0.084933558970088 0.0552693100739524 0.195272695359921 0.8144846527661 0.00171429017640905 0.0743292535963466 4.5367204545514e-07
0.107819433077514 0.130160674139073 0.256137578200726 0.153235602748641 -0.0377026265708484 0.0406593844735553 0.0572586691029347 0.0504575216905848 0.0365136222577344 0.0477848509266495 0.00938308287695485 0.0252666104077635 1.91066111679438e-06 6.09402364024146e-05 0.432072058403558
0.0800580096631137 0.23274162113289 0.0970462037271667 0.31642031175602 0.0355987113300916 0.0858721896061737 0.03414207838093 0.0479876964054007 0.0513894207727013 0.0344266280566218 0.353548669366921 8.51811142574186e-10 0.0459554740130051 1.76299806963217e-08 0.303739884550234
0.0278065223343144 0.117028839945322 0.177133587790169 0.186935158289468 0.0597614098916863 0.0334335443975679 0.0506336800093347 0.0393387056406466 0.0536979808828502 0.0426063902593028 0.407666619986351 0.0229790792140914 1.90471210530091e-05 0.000755805247886905 0.163983912219352
-0.0663630890435727 0.0256859736823003 0.187264500867918 0.26868906925894 -0.0163639997641271 0.0542122700017617 0.0495062637724256 0.0371474589630214 0.03775867009982 0.0283508230025131 0.223928815503577 0.605076830972128 2.20937962132093e-06 2.08828002472556e-10 0.565171993418201
-0.0588970744072442 0.157620174666024 0.351498096680924 0.197944783429678 0.0197531989969326 0.0377037233688275 0.0573820531823638 0.0451705802441609 0.0502430859365743 0.0410738063961749 0.121589108410895 0.00719878841793501 8.66378888664553e-12 0.000155683212144445 0.631679398344504
-0.00771028058257755 0.0942206992790862 0.222177851043801 0.339211579439093 -0.0910958499618825 0.0441933254602429 0.0482286201615434 0.042528863208042 0.0455238230859389 0.0621570483741844 0.861869668796756 0.0536870381149471 1.03201856763006e-06 4.23682983962263e-11 0.146065976441133
0.0529132234268701 0.00818939749245113 0.278494192484402 0.487960857138266 0.0297534029787313 0.0406914618244188 0.0407094303907195 0.0382600338522208 0.0410881033888281 0.0625132507561912 0.196626185632854 0.840998016104766 9.63831663142869e-11 1.76187411719906e-20 0.635200200894831
0.0677013160823681 -0.184131736840309 0.0822748552824696 0.270418105697045 -0.134750070092496 0.0425473777537722 0.0687546809743151 0.0427576889227308 0.0480539823276891 0.0519036015220386 0.114887253422988 0.00872489573570451 0.0573208635606058 1.84376830100038e-07 0.0109235875588644
0.0980469927023719 0.138147993820053 0.193002819510201 -0.219995988388301 0.0441888443684205 0.0469912381135183 0.0627208480637941 0.0499955208370466 0.0514987584482264 0.0763295298870666 0.0396126840867303 0.0300429053699655 0.000206446222768026 4.60004271795665e-05 0.564011928085109
-0.0684483929386081 0.0161254463301478 0.271338571570367 0.253314499123215 -0.0434076563903454 0.0794429474923808 0.0626607797468503 0.0342492029803278 0.0729370184269803 0.0444558646402205 0.391074827462543 0.797468945721006 4.38351614871158e-12 0.000776504209232612 0.33133556346279
0.0519483143402632 0.116103403821116 0.17402956422652 0.237986320347445 0.0343379325457793 0.0685280376847779 0.0432161486711168 0.0482093632277661 0.0439433252434403 0.0794401148460036 0.450291936633361 0.00852204606565494 0.000491363361746186 4.58709169757657e-07 0.666539817732899
0.22659241741252 0.00339023718491028 0.19877759190856 0.310987551799854 0.0703496259186308 0.0470001551250248 0.0479027549496929 0.0596159069833919 0.045424101687773 0.049497812585734 5.41378879933325e-06 0.943726937136609 0.00122049592485429 7.42259940139035e-10 0.158513411334516
0.0348003796296149 0.0804111050458499 0.0999092471862352 0.285053130821245 0.0533886599772087 0.0426198342473473 0.0358389757742505 0.0692661782892355 0.0498495790359731 0.0499619902948237 0.416239817805887 0.0271758497387477 0.152479617954296 1.24059512005342e-07 0.287964246534325
0.0612302602390132 0.00915343575093983 0.223224233553558 0.250538215565706 0.0186134254868307 0.0583300873756563 0.0603845028185188 0.0421338593010414 0.053398983360629 0.049870244455279 0.296509952005753 0.879835042764891 7.56386654422489e-07 9.07547759084138e-06 0.709803528981714
-0.0474913816721894 0.105341658474095 0.196497005751639 0.26284119596114 0.157770902123973 0.0702386286566885 0.0313366549748854 0.0439800800390344 0.049755045071024 0.04743415891568 0.500592424902984 0.00111764513797548 2.18011832020942e-05 8.06755525426366e-07 0.00125308032053681
0.155256564495757 0.0368326372883985 0.204563548599386 0.207074644488724 0.0482078583280367 0.0443926571717257 0.0413366776629664 0.0646266718715439 0.0653817276193114 0.0441050083131336 0.00071651400105681 0.375158820947804 0.00208209837983896 0.00207015326432428 0.277146959392795
0.100796517714016 0.111242329862034 0.127621415962923 0.20034931384678 -0.153277791460429 0.0349776500042744 0.0420883404443234 0.0460104504466047 0.0508571442468413 0.0445173323632559 0.00488961027899616 0.00961042581940571 0.00667123324440856 0.000155844378809853 0.000857011502865582
-0.0524547292664677 0.121111113575226 0.396688547530112 0.182307615222861 -0.026398235233753 0.0783881631483867 0.0761898593507469 0.0530189948438971 0.0650355766562801 0.0525484718140126 0.505012288992096 0.115248428399577 3.65778172065571e-11 0.00613421510939248 0.616576995140462
0.0156367337265881 0.0403408595951791 0.168176312464338 0.290295668175939 0.0808114989103902 0.034677856180542 0.0461962551719642 0.0404307927227087 0.0373440303298511 0.0444018690763633 0.653079008884054 0.384729050641256 6.9923037248651e-05 9.00581386030063e-12 0.0719077555532969
0.108971569940415 0.187836648566341 0.0778109961264965 0.272686104311597 -0.0325086685581195 0.0555554610309863 0.0447355522247111 0.056726741739536 0.0419261778349123 0.0494130343863931 0.0527491344060894 6.04539774984246e-05 0.173393647070331 3.63374082645083e-09 0.512195618991849
-0.043966229600557 -0.00656974673107003 0.0557856600674523 0.279646303871874 -0.0301331431212229 0.0758498200365083 0.043058697122821 0.0635908028857878 0.0555848985610256 0.038420194877206 0.563523852441474 0.879055821913063 0.382558605498137 2.30356195385477e-06 0.434812584151963
0.0773649904072821 0.0588128689834923 0.100829030155635 0.387506525767115 0.0945590916443106 0.0424229136514833 0.0461399493733896 0.0600598936273061 0.0587679280739886 0.0620640793744965 0.071347746872008 0.205537611122252 0.0964759586397887 2.40083465750686e-09 0.130937722362755
-0.0863244500513456 0.141600776760418 0.122471971785983 0.280168918420634 0.0226959712469778 0.0641146921337492 0.0382116731624494 0.0466120496841124 0.0397637090198893 0.0708987902164535 0.181375137491706 0.000354213283701665 0.010030178147195 2.90786618826206e-10 0.749581965426076
0.0419179566630328 0.209989885093557 0.0830236484650084 0.130761641813728 0.045827922502756 0.0455169380442258 0.0563870072800043 0.0668426858730371 0.0356476916728307 0.0425032414816202 0.359419220858194 0.000332442332577749 0.217266347572858 0.000402917906456327 0.283664938068772
0.138512463875885 0.146369623752835 -0.0535719596017083 0.293543523760864 0.085502714324733 0.0447656650631033 0.0498525925677015 0.0413226607509137 0.0469748960105989 0.0472600200848204 0.00259254775153105 0.00416962427042389 0.197967600469387 1.16485249933618e-08 0.0735831133511346
0.00291669571028029 0.0981890949386675 0.134418014079704 0.154050067376158 -0.0143794087446463 0.0346141079614884 0.0509726472016866 0.0547335888769611 0.0601544931295719 0.0380345934690346 0.933024479789809 0.0570550210549179 0.015872055866786 0.0120148478623106 0.706228476657223
0.0224706789013197 0.129664553590911 0.164589215966417 0.220409948321758 0.0150591328788519 0.0455952606072889 0.0482696429463575 0.0436203306562286 0.0688634513456126 0.0371907862279846 0.623270416666575 0.00852962147659565 0.000280332467184103 0.00186474596475438 0.686449805213883
-0.0433632573914706 0.111855354276693 0.211729657558874 0.308767282132876 0.119865613327437 0.0443348116841131 0.0504197512095359 0.0876859201233741 0.0348535287700148 0.0535056978253762 0.330515987319329 0.028903783289969 0.0176657317961534 4.53129684759095e-14 0.0274061316076999
0.197650400079875 0.177312727911105 0.0700791850649265 0.253048705758761 0.122809073817222 0.0586396721369822 0.0443216336278022 0.0423425668140857 0.0602510896984991 0.05800133283275 0.00108563905269244 0.000125082091375479 0.101213915434772 6.0211498706906e-05 0.036842172797961
0.116126137435867 0.146405988341189 0.10994369380555 0.17222666469509 0.0392405808116468 0.0437195182949381 0.0644564675255457 0.0516401424195785 0.0629134188300555 0.0333702855339768 0.00927028908003626 0.0253802463940114 0.0358374591439441 0.00739064557154939 0.242567752637152
0.0836925891169619 0.119343318019338 0.210696625130442 -0.0610415822991645 0.0196922502537576 0.0320045999070542 0.0678670172254925 0.0601449153097036 0.074124780666224 0.0411015094428577 0.0103773504083218 0.081884897599972 0.000702847041837084 0.412287593315415 0.632959554960112
-0.024257202887203 0.271337626342692 0.198023718137899 0.29717321453282 -0.0527047323681942 0.0519882929127552 0.0574511506928707 0.0501098393225867 0.0518097930184669 0.0474201353083131 0.641861679292052 8.02010021464353e-06 0.000149103935240737 1.14867354154339e-07 0.269183062018528
-0.0122050094615102 0.0807930442203434 0.22298888212419 0.398411378844559 0.0342056258784647 0.0525356683130015 0.044540096063884 0.0418757671660903 0.0500948261144782 0.0676635184254218 0.81679036164399 0.072843866619296 6.74671624494123e-07 3.77835491554466e-12 0.614360790528996
0.0976423517370493 -0.167275352013551 -0.0699749702490076 0.0900655393316407 0.0125469863114355 0.0572368885806056 0.0594574590015128 0.0526862511453068 0.0560238167009955 0.0528114245287306 0.0912878153874066 0.00595825980082577 0.187312342602054 0.111235001975706 0.812717786454811
-0.0114511933651486 0.151672125802552 0.323127368781829 0.341990805798832 0.0261392662235717 0.0617606753243454 0.0307388388886155 0.0418860939343168 0.0563420678148014 0.0549268142864883 0.853300894654953 3.42386881989948e-06 1.19767830675631e-11 2.61190435663754e-08 0.635243434956134
0.0597641426819021 0.1072277420936 0.198794585546989 0.273955303177727 -0.0445696424756214 0.0369618248091101 0.0372439257540794 0.0618550047915109 0.072438533295792 0.0476738998452324 0.109212502456405 0.00492785374768013 0.00178920448406976 0.000271978247202095 0.352217568075694
