1e-10 1.20854983866741 9.21036772942928 8.68342245438436 1e-10 9.93510571389001 10.6224568967194 10.6966226165061 10.2473259185846 6.72644932475241 0.450108331917194 0.539224302563261 0.999999945170493 0.99999999944577 0.245547759700293
0.489233216536007 0.262055181579826 4.98407921769136 8.56282349949285 1e-10 7.37806771972738 6.39216104683584 7.38060249620793 10.1278934140555 5.66266105900885 0.41831474962046 0.349184105592013 0.997592786211333 0.999999999999899 0.308991765459662
0.526507930750102 0.871717065636805 8.49394968807943 5.52272711194787 15.2232319264159 8.88976730526194 9.55979681298113 10.086879352763 7.85249016910721 16.4922411706508 0.386629398237736 0.48437997635283 0.999999999999832 0.999904222466535 1
1e-10 10.4419353595142 15.0014817589656 8.08195324597356 0.00307049239049818 10.2429406644495 12.8695310076235 17.4228677495547 10.016021455279 8.38685942353392 0.0305194894537939 0.999999999999956 0.936432320258598 0.999999999967051 0.0114476602205148
0.187801044855748 4.42073880194896 0.715621933791102 14.2392992349922 1e-10 6.42155163534455 7.08365730233637 8.6520034048537 15.2323733028097 5.79165039188094 0.270075282661531 0.984151520828239 0.439598367738447 1 0.2440759747271
0.00952354391439216 0.0747332893435775 1e-10 0.00437132155209663 0.0701715588637517 6.99014217971349 11.0038518920518 7.75336608875463 8.59387071545486 10.4072062395785 0.0141571743857802 0.0442164232539423 0.0113913514572568 0.0120816994963 0.0422690969423615
0.365512059710694 7.91810662001086 1.19130674549472 10.4273271354979 1e-10 8.25000374275543 9.66637421948943 10.400304637189 11.7692415961911 5.78910633927946 0.292167164309202 0.999999999992091 0.525105396650069 1 0.186416503312792
4.16939007311069 0.689235221993874 5.70485813537915 12.019385008595 1e-10 6.87684581763894 7.65936989403471 7.87407792341346 13.1611532319578 6.89265343560855 0.993784655498712 0.506954505532635 0.999991087423521 1 0.443423143812886
1e-10 0.517511258120214 10.4255756390495 6.93669579401322 1e-10 6.87520681855655 12.7435049227718 11.7834868717063 8.82792785838294 7.10623152901436 0.0268834590336522 0.216852951311333 0.999979186876671 0.999999950599419 0.0340755618828746
1.82590890385776 0.656938669842733 5.51707913207372 10.2373660485705 1e-10 9.81898718191493 7.77721956434271 7.74253600464377 11.5730251412434 5.51442596632801 0.709053790850913 0.478624345373185 0.999970804247552 0.999999999999997 0.319040426103859
0.475761404191896 9.67582835515267 5.42552015388465 9.01963104427747 1e-10 6.96389782310443 11.0955719243932 7.78588012042917 10.5163857958496 7.74187693358418 0.452402638803517 1 0.999703920713259 0.999999999999981 0.520518146931483
0.489149168168653 4.19669224873776 0.637954175918169 6.00616183759068 1e-10 6.99971038972698 7.03752981918711 7.91858823444202 8.15198911249266 7.66023681124336 0.448717757283014 0.994304654330832 0.487366957962678 0.999999328786984 0.509498943776218
1.83057883923197 1.40742561595819 8.00729229880723 8.49043503747854 1e-10 9.58922489696142 9.17407661582796 9.66785757644722 10.0682919393972 7.76101835816934 0.728089581431236 0.664244508118435 0.999999928594488 0.999999999998457 0.999989128188631
1e-10 0.0326231404332236 6.75258533946277 8.56487086113198 1e-10 7.44433483075508 7.64282117456161 8.6944220382812 10.3101238539298 10.6357211048965 0.995286084251143 0.0356607963023702 0.999999871159396 0.999999914337073 0.0971926048503993
1e-10 1.64017895297167 8.96030868963136 10.37473332334 5.56081000265105 6.0338502441297 9.81012751793042 10.4748337043671 11.7194166731431 7.88203991110293 0.325281336026398 0.677108982857932 0.999999999999983 1 0.999989981629834
1e-10 0.493592123250763 6.70541287057735 9.19599911709938 2.26563094510607 7.86448110389958 7.50687061570467 8.78332908650796 10.7184543754302 10.7083373204587 0.377838092707812 0.409967245996141 0.999999987753579 1 0.751770714029823
0.00794422806362508 1e-10 13.1417730812729 8.73698539082699 1e-10 6.69727614373146 7.43317162802709 14.2913298219441 10.6946820808719 14.5963766407957 0.0128954203009182 0.0115175938067799 0.999999999999694 0.99999999998736 0.104722648156004
9.46150936168316 0.00344663117525533 1e-10 11.9247063819935 0.0204953503585704 10.9416644969266 6.30864987618776 6.54104259853669 13.1241176690718 6.60096603777665 1 0.0233992072022109 0.0234188924224964 1 0.0292368329503208
0.0364359948638183 5.81503005451149 0.0283170289366525 10.9874426674641 1e-10 7.42212177804217 8.02781520916241 7.25874017804663 12.2839927820694 13.2808928283289 0.0379861306804914 0.999958127878476 0.0340840237109976 1 0.231126855206718
0.135792473643384 0.719092172898965 5.15252781426422 5.8430162091738 0.250687226586359 5.74875816912224 7.86948806399262 7.51980611853942 7.96879413216109 6.15709792627841 0.339024627908316 0.499408296972016 0.999916107140164 0.999997818407627 0.367324852424435
0.231386128555519 1e-10 4.64878808533478 8.11737689713108 1e-10 6.18218363639902 11.1265513789437 7.16543495016511 9.75705413970413 7.65395219895428 0.356718740397168 1 0.996949458516351 0.99999999999015 0.465274429251962
1e-10 0.00257309348857097 1e-10 13.409383819807 1e-10 12.3558850717689 9.82375005498466 8.32523062377246 14.5033055459124 8.76296949181966 0.0710592448893311 0.0121341163447856 0.0131157320005706 0.999997555135537 0.994215925994427
3.77083416465195 6.21706139215882 8.12156909314677 20.2464453661089 0.752631799590405 6.85979025025093 8.32817334432507 9.80237400906095 20.937776241394 8.32674269585066 0.970988500350181 0.999999735429313 0.999999999999409 1 0.48509743223505
1e-10 0.00440116975706396 6.26833403371003 1.43566863573388 0.00170801388669224 18.4167028032093 5.91159560743178 8.3255764833436 15.2094203428978 5.95432499734568 1 0.0204187519026467 0.999995031127188 0.431379473166835 0.0199652567358684
1.04903580821307 6.58814046693351 5.06594835999745 11.5071030642488 0.077015745154271 8.53828073821107 8.53879595510302 7.42879524579807 12.7001790433182 5.53446610505061 0.587963891469534 0.99999995099267 0.99988339500975 1 0.34954367986434
0.467175377683684 0.930456467751033 5.65064132370576 13.7198503604127 1e-10 7.63637699465059 9.25810491105361 7.91023649917761 14.7482128379357 8.11684988365806 0.379242594083932 0.508606799631985 0.999991551762368 1 0.391954516726213
0.0104104223606495 0.562302909322498 6.13902881238733 8.1247154263048 1e-10 6.28554016290202 13.1534303021978 8.38654118890068 9.87574385937727 8.13558157126029 0.0262236387213381 0.230310358810838 0.999986991127443 0.99999999724819 0.919120423544646
1e-10 1.06132404463182 5.20810902299126 0.165651598075236 1e-10 8.04860314172719 9.91513781816812 7.52699714826242 7.16013976223902 7.86633494022553 0.371630927196297 0.529277959755759 0.999849507247547 0.263109843259658 0.369233271339159
0.0394150553453273 0.0966183512415325 0.994897676213706 9.67059801572476 1e-10 7.64458089298572 9.42691671551172 13.9943184814169 11.1238833247049 11.4374128205896 0.0391661860957726 0.0647923035738579 0.342929442786902 1 0.139413966795199
1e-10 0.242331090270221 4.48976206877299 12.4846936945258 1e-10 9.62145210060281 6.48062861378788 7.06753378141135 13.6029666882419 5.64930423503374 0.607455147128674 0.316666665700244 0.997120337048316 1 0.274197610904023
4.91829479399467 3.90216450005853 7.74962977012423 5.84792416073773 1e-10 7.3380908185961 6.75635166834782 9.44170506543243 7.96748142934278 8.07367865822301 0.996951586478878 0.987317262177763 0.999999999995534 0.999996954457977 0.611330977478525
0.87073658118501 0.223173928907674 4.96827886650056 7.57568829609946 0.123049521824027 8.34829754777453 6.2108648785037 7.35512453993526 9.30657170568562 5.66921726804659 0.540567381433816 0.365556003484351 0.99976467643198 0.999999998714523 0.342821208592128
0.175378062982548 6.83818530094607 6.90768492698266 7.45350507509372 1e-10 5.85913423732121 8.77263341252575 8.838754647242 9.22825153306709 8.42323329811781 0.365158374418951 0.999999984494111 0.999999996008845 0.99999999928635 0.564059787095447
0.00315899769632368 0.0185758237107804 5.88278572657784 10.3378414505763 1e-10 6.17888817253562 6.61348219950282 8.02463763273829 11.6989980849243 8.86213828432747 0.0242455186084359 0.0289946819951229 0.999971953043583 1 0.0500870797399994
0.0407220698831305 1.30000311122255 5.85267031853472 7.31501704117297 1e-10 5.48267319602162 9.5420479084036 7.98283058399517 9.17079656610356 6.02993448074981 0.275645212171669 0.601737801919769 0.999982502293912 0.999999957819362 0.297385015075578
1.37912817189754 5.98181711696592 7.29756384468068 8.69815181742384 0.408523187116363 9.13749535134586 8.22611808393474 9.17192719902421 10.2368292853163 6.72178191949632 0.658877329935062 0.999999336183386 0.999999997437191 0.999999998520297 0.439876214906643
0.00664827650245166 1.36648127439037 1.54005733608559 3.90078432891068 5.37938085164142 5.88290460383855 14.6532357111889 14.8174346843914 7.36258146207598 7.67316301751399 0.0245068813661903 0.425649366443403 0.459640759788438 0.907335546894992 0.997680967049531
1.78037400467919 1.85206715243502 19.9360923544722 14.7503817764013 0.110538455612775 11.0246444468867 11.3358661427411 20.6718998979044 15.750207415748 6.04267508088607 0.646401335669783 0.657559858133661 1 1 0.218301065165819
1e-10 0.338471770859394 6.56065127052908 10.1481444747915 1e-10 15.3692275443491 7.40232951392152 8.76194333526268 11.554101453338 5.71193205657058 1 0.313476010347613 0.999999885230382 1 0.225093325327828
0.00539842622795575 1.89085577403218 8.21833217778468 13.4710064452054 0.121196873705973 7.97084756962376 15.6414283729536 9.99498742358671 14.6252671969199 11.2687400917318 0.0190711429995165 0.509866428009795 0.999999999992268 1 0.0705572580709692
1e-10 0.0684341795108761 0.411142402945662 6.69036152825543 0.00140527789505695 5.79656848841697 10.0844862001722 11.5431836124253 8.6348988935821 5.91997972245661 0.0132291989550481 0.0431718482440558 0.116086963377339 0.999999700338072 0.0129963474529684
0.17886623134239 0.347723750792002 7.78277787692055 15.1091331104532 0.0192837503016457 6.62984623548483 7.51053408068274 9.49997889862025 16.0514748416786 5.55675389285387 0.244872546944919 0.305306581855856 0.999999999457256 1 0.204770365758208
0.147428634220072 0.735647558703101 1.26171495723177 10.2964190520878 1e-10 6.33572883182229 9.24918618991919 10.6328251199327 11.6450967908735 6.63232116130424 0.222003218702534 0.419287368982354 0.547332245368901 1 0.228955313193328
1e-10 1e-10 9.65257922546687 9.99396938353051 0.0200838426624439 11.4274925958828 6.60015084051113 11.0953063809516 11.4581004967779 7.05192415507157 0.0960997274298391 0.0251000312519023 0.999999999999979 0.999999999999999 0.0296806515599976
1.5434487669766 5.35391802205747 6.82541828846272 10.3670859526844 0.11279354334416 9.7903335876723 7.68155073796004 8.87955945853586 11.7266339131649 5.68438601694257 0.662541970443738 0.999930637936042 0.999999460270503 0.999999995465319 0.320757520631293
1e-10 1.45715926118848 0.350713572101383 13.0320735197542 1e-10 9.34947829468922 10.0083580413364 7.21113087925247 14.1106106235705 6.3061420786001 0.999999999927043 0.615928763738921 0.336734029762668 1 0.284892322880122
5.91532474467863 5.11098721104211 6.04152723018856 10.6947014511571 0.360885324678423 8.05421280171115 7.48815762110722 8.14133881821316 11.973021247712 6.49358968915906 0.999996313972788 0.999857528799865 0.997356012302581 0.999999999998856 0.426546609186541
1e-10 0.461037489093616 5.98137650715454 7.71761541502841 1e-10 6.05956088222481 7.31493896263295 8.07571510393205 9.4285126528093 9.05300404203974 0.312132344590553 0.405477599955314 0.999998842587281 0.999999999921149 0.551052861827457
1e-10 0.000215012632654351 9.25368979331501 12.38054616867 1e-10 6.9725272718146 7.21306109813337 10.8331304459252 13.5595729701665 5.80552724537388 0.0217725214075509 0.0201903733180702 0.999999203108539 1 0.0214167522006647
0.147058691860489 0.363836863976381 4.2367714369103 5.78687270693462 1e-10 11.8269791398972 13.4559347710913 12.8504382283311 7.96716200455613 11.4265778574095 0.0747492159538871 0.149850702962692 0.429380285584604 0.999897093765913 0.0427113832298182
1e-10 0.994090834323104 4.26063364092693 7.93486309385892 0.0856266644697489 7.66951265996282 8.45403900740178 6.92055594926687 9.59918483315312 5.55065324657438 0.492581671605359 0.571597629675398 0.99510085095429 0.99999999999043 0.342007301583382
1e-10 0.0670583418683491 1.43697020907984 14.0294427852516 1e-10 14.9511087257223 10.8075437536176 15.9775293533873 15.058517161085 9.208941853021 0.0168873450326784 0.0411325857229089 0.409860330393414 1 0.0116536519226191
0.028650323285014 0.103108489097359 7.10997907926323 10.8272669702784 0.10656553444265 7.00845209107053 9.6452911188118 8.96618085039676 12.1335741258738 9.71424195298011 0.0341180699288485 0.0686907176181691 0.999999987470237 1 0.0701355914527226
0.817988044750152 12.1084743695011 11.8869076102963 8.76923359267999 8.02890065647948 8.81916047773693 13.2860997166891 13.2254851510165 10.3558785108964 10.1990706777192 0.485916068760823 1 1 0.999999999820501 0.999999999993946
0.0908195675690887 5.05299968746982 1.92155462563866 11.85938407487 0.253531964172769 5.68048195540903 7.45516316747987 10.3328530253017 13.0345839152627 6.57554381427645 0.275247329689424 0.99980571014789 0.700109537716882 1 0.320230082695818
0.434110499985053 1.3666456224975 0.287937280662707 28.4436374065561 0.0142615247183811 10.3994211672585 12.9736166776252 9.61088024589291 29.0192450187482 6.46354278159059 0.238081685296455 0.485192005463486 0.184605357547272 1 0.0731129289013174
16.8957174684894 1.4546151469468 8.33145797995302 0.0307521738614132 0.000989498902974516 18.4876260050979 16.0583094029139 11.4221306826944 16.9922087255166 6.15894678376857 1 0.397319791406886 0.999999988271379 0.0209757357260172 0.00742173594219553
0.243552932187238 6.03712537075469 7.40357982675874 2.11780855762782 0.771108969632408 6.53486808186349 8.28970478769537 9.19552608788055 11.247233184408 9.22102037729984 0.318368918177288 0.999998934797386 0.999999999906947 0.726953314651466 0.477596378620771
0.171924173972273 1.87719211001047 5.62585048992566 9.76294468529906 1e-10 6.15501759032307 10.4938777135195 8.1457787640003 11.2456411249997 5.77972078165975 0.276912182143219 0.684684087055278 0.999990751598092 1 0.255853325009796
1e-10 0.834995342674319 2.92520670407432 10.7806246057517 1e-10 17.2610381105516 9.31884344506074 11.9028230937256 12.376116193231 11.7622241359576 1 0.447944885515697 0.784045478130551 1 0.505269404775071
0.7359657420984 1.12702389470579 5.80525445540378 15.0342552984382 0.0100103785118256 13.7129759252236 14.4960209602615 9.61137838378773 16.2827760706006 11.0771054437105 0.277745567681721 0.373885118132493 0.996041453557501 1 0.0252978836950326
1e-10 0.0522507332297026 7.82760309561199 18.7925979593525 0.0200133762912854 7.12943262816547 5.94531142745015 9.54466087942577 19.5643578529488 5.51550407763783 0.174370314869153 0.139841928232181 0.999999937993013 1 0.133367898612412
0.172513323778252 0.0231622067568757 8.33188908474136 6.13847183656783 0.242180471051756 10.9145130111525 6.79666852196797 10.0793912789352 9.21643089466568 11.9928744194606 0.0966611239977123 0.0307019629170269 0.999999997749092 0.925105978005847 0.121725777677832
1e-10 0.0084634292206162 7.3097723951837 10.4741195233781 1e-10 5.98702140912937 7.04088178698943 10.5693471782961 11.8632580255525 14.6313913842879 0.0104420377513365 0.0126789389916269 0.999984525356582 1 0.0151865900619851
5.99439972782133 0.377457935008571 9.69218522762241 9.1962706203188 1e-10 8.24705327306941 6.80919373969168 11.1399593797909 10.6763221498194 5.80161101914232 0.999969060883405 0.395581146529659 1 1 0.317829361439803
1e-10 0.337192283697636 8.96407445671098 1e-10 0.0163810670724217 6.54887293197953 15.8026774845866 10.5459427526006 11.9565035850068 6.78993026178779 0.0257261030709756 0.153756596442204 0.999999999737726 0.030094760551392 0.0256658914888145
8.20780252324897 5.17289752971767 6.35367482421282 7.98348439185393 0.117314014604541 10.549806839829 7.66858625546437 8.38261537067877 9.71301907620331 10.5317490367686 0.999674650981363 0.983938821148802 0.999998348238746 0.999999999631996 0.0594633144212545
1e-10 0.0222633616216555 7.49001909468729 11.3385335899436 1e-10 5.763686554044 6.78538656171172 9.33821376575193 12.5966576687023 6.91621802247707 0.0256365623661325 0.0310785763432183 0.999999993248564 1 0.0260270189093396
1e-10 1.62633053235719 16.5496430024404 1.32951341815254 0.078839517648799 7.6061302617243 11.2396966210117 17.4200925113718 11.0876564852995 5.93634622668496 0.229592656597001 0.596108535002847 1 0.539758304687841 0.168884914620566
0.0540093149389255 14.3929258550484 10.0895524109481 12.1217987487177 0.116721712779301 5.70619790130594 15.5318055931562 11.4945778872348 13.3184918968946 5.98457330319033 0.21462453826502 1 1 1 0.22961018562663
0.339387497996994 0.289472539498796 12.1019986702309 33.2818831147422 0.142023692585985 9.40399510123915 9.87662804112101 13.2801703434118 33.7412530512671 7.6320369328145 0.219979088370041 0.200887553453252 1 1 0.140009313267689
0.00313195051873819 0.00411085217446435 9.06651898206936 10.5360086977591 0.0136793231689429 5.57536340966588 6.54600977904187 12.2154875145144 11.8707223708224 9.70262064736178 0.0210205646778325 0.0212326328136384 0.999999965211345 1 0.0243041487539839
1e-10 1e-10 7.44574073460467 1e-10 0.136582913716948 7.18826418108647 6.88905585184433 9.23707530656688 10.3837906499428 10.711421081996 0.0200591504951597 0.0213892595567684 0.99999988624743 0.0645082046692333 0.0782758895099971
1e-10 1.17142450648061 19.1484408247279 4.59712421306908 1e-10 7.62544598780724 10.2172917111801 19.9151967061799 7.18563205475724 5.83961080425134 0.280315518809869 0.524196532568336 1 0.997190913894955 0.189549679226852
0.545229859919065 6.18897095441579 7.40373109383636 9.03352855781934 1e-10 7.18237659073719 8.22900437966886 9.29267534523638 10.5989420591963 6.0818560602582 0.467716309488733 0.999999781617875 0.999999998741233 0.999999999999942 0.38313613794743
6.02779527071597 0.46175188231201 7.75027641209508 10.9915902512677 1.11457768083507 8.11954405192333 7.11367631708451 9.46941947167165 12.245950675026 8.73515860924397 0.999999178604656 0.432009846736432 0.999988152771096 1 0.593310223953237
0.598582097721771 1.10779759966324 4.42256796050775 9.65881355966849 0.25324189733747 7.55264679664436 8.92845259240034 7.02195387465227 11.0642311383866 6.24882861905335 0.465416294729253 0.587949494540101 0.996074233682177 0.999999999977369 0.366146612842141
1.11976813825568 1.55762129494202 6.97211091999842 10.0100704620832 0.528570761689194 9.06527066904724 9.82642271111717 8.83786970423903 11.3796900039266 7.84137363437063 0.570900065277764 0.653535498064051 0.999999997976853 1 0.421137416402029
0.00863700887761951 0.0089587143115679 0.688986384989675 8.02932393418009 0.0165850260953877 6.30716912795131 6.74103247673497 14.9466520128937 9.71588927063231 7.7542552513623 0.0145686774490671 0.0147108415104519 0.241956793403363 0.999999999951076 0.0183345287631985
2.47148918867763 0.159195484736059 15.4498747750357 5.65903420657412 0.873142228845471 11.6199333337389 6.46824757597227 16.7851378377916 7.86046854933742 9.65343203887604 0.735290748859347 0.224665043914829 1 0.999989961887175 0.455514793783666
1.71332002039556 4.5142108250509 2.52182797005709 7.70713500569627 1e-10 9.42969293740005 7.0892948803427 10.1686961865332 9.4224454112092 10.1443051438794 0.712786512927728 0.997953455446671 0.806371142978821 0.999999999594883 0.804520677521492
0.000171575424369703 2.33877680780721 15.6294454262323 5.80604343384751 0.391467547515353 5.5436289722762 11.4565847115727 16.5611793047778 8.33511946101554 7.68017905227637 0.219369129949445 0.733343563594431 1 0.99998816993773 0.331440412980196
0.00435848285984116 1e-10 8.88639257819302 14.2799106891023 6.36248619655366 6.15539498629961 6.156239990559 10.5056710698783 15.303381550909 8.48258582770175 0.0230422062450452 0.0256765376518164 0.999999999907452 1 0.999997056595765
0.825260110287457 7.42836875114331 3.10254425365264 9.8074846486632 1e-10 9.22741573004985 9.60096023682882 11.4917634392595 11.2091980535358 7.34275187537013 0.479759674067978 0.999999999900023 0.819885503341028 1 0.351483848229141
0.119537350161499 1.60637005406636 2.11848053819891 6.39949645382393 1e-10 5.74756904929136 9.89186967474463 10.4713609078182 8.39160926662166 5.44505232887168 0.299850483123693 0.661396900331417 0.734263475007845 0.999999882497436 0.285749097087
1.9551870836605 0.357864237458115 2.23682416350058 11.8083739838982 0.82075790962396 11.1985024851332 7.92614512778883 11.5172430322806 13.0350212677428 9.91016523971328 0.670048327503514 0.300300769064511 0.708528129676998 1 0.444093102028816
0.141453937230361 1.76327125302529 2.07491520576038 14.1175213806305 1e-10 6.46531931418452 11.2140889972042 11.9817387426763 15.1270310227351 7.01715520463105 0.214196993389952 0.635426587405473 0.68212822874287 1 0.235744469095071
0.0573667741694097 5.78863959772154 5.71338243200364 0.0377124603536983 0.0212428046094135 9.06590861829765 7.95914459425594 8.03119753262819 8.76221318457175 6.80890693400916 0.0442938408669625 0.999879619164772 0.999641580147202 0.0317965042383765 0.0269730362385462
2.34850701065989 1.7993899366528 0.0249162019121082 12.0403348172019 0.955838102580623 11.2098238499687 10.766867499668 5.58506783744185 13.2060468985771 9.36490048864138 0.737862308663546 0.664069880922885 0.228769964378963 1 0.500384663026533
1e-10 1.08211605738582 1.77601374270012 7.14472670195615 1e-10 5.93875308541788 9.27926116753997 10.3126644842838 8.97295628232904 5.96901526638997 0.285707559664487 0.550129314305021 0.677374166108437 0.999999966780593 0.286089146738545
0.121242517254971 1.71278021345427 4.46504686094242 7.13562257544725 1e-10 5.6668961789692 9.61267951941382 7.03646503979824 8.95475658125093 7.91964658669073 0.345776811739782 0.700305774424484 0.997973123964142 0.99999997948555 0.507337266495754
1e-10 4.95699061529131 0.919119609088309 14.8731491819662 0.760286188652838 5.83960617882556 7.38749395663167 9.86812420874735 15.8509026724107 10.7616590345321 0.171546795422841 0.999522848697006 0.453778216331647 1 0.411033927848559
2.15316179362091 4.27927628526816 6.47070277895849 8.26643916038022 3.99084058669094 9.58717268886002 6.93469718443917 8.67243246475227 9.97471143083982 7.14967526758312 0.78437177001095 0.997276500822744 0.999999962753618 0.999999999890051 0.987931593449512
0.110051411382651 0.28571042343008 6.51694167136359 8.98023012811817 0.0431425840870906 9.73826740335717 11.8444003175447 8.53251407297083 10.531175769343 8.2846806472263 0.0716342134956209 0.140160089815881 0.999999437212473 0.999999999999931 0.0410349389369777
6.89480170419234 1.00252330800968 6.47136451261629 0.884403003710742 0.492997380545451 8.81926213652261 8.79699582972998 8.46112709682181 8.60871519016238 7.37532544989578 0.999999997185696 0.550910630932463 0.99999989016794 0.523260431800421 0.417310744573166
0.671272775779472 11.3018306520423 5.00981691971723 12.0243795822103 1e-10 8.17528795082806 12.5571670664782 7.45041633387271 13.1856052619024 7.14223253656041 0.453263163681899 1 0.999756478953988 1 0.364276357351718
0.126488904647611 0.770741522401592 10.3642802443326 15.1367762273362 1e-10 6.16393777290932 9.2002073938048 11.7504474406772 16.0966258797849 5.752039952987 0.223953423631938 0.435390476654824 1 1 0.210554145386154
0.0110631491413993 1e-10 1e-10 0.541267234088766 1e-10 6.13470219418669 12.8398227445749 6.5619589104851 14.0893185920165 9.31514977938132 0.0210772607807136 1 0.0230222580151875 0.214352898428646 0.0467098013805479
1e-10 7.5004101329802 15.7884395063356 8.22189822402356 0.00996329296536079 6.46537484893554 9.68241362965306 19.466536544657 12.5709773247536 6.59208629471729 0.0216615673645144 0.999999999085545 1 0.99999997075697 0.0198703420393606
0.962791483510779 4.77103266959443 6.53909859850176 6.17584116122891 0.370578461187309 8.12643979292091 7.22144578627033 8.48527341691203 8.21097407063238 6.48994208107902 0.587044782731357 0.999595299074026 0.999999776899384 0.999998021028185 0.441504996091164
