-0.160696370708759 0.125821197463971 0.166969051921234 0.252056174539676 -0.0349747975966122 0.125819369104244 0.0419341936909516 0.029464986896255 0.0546541758302302 0.0530874069224879 0.204677740845331 0.00345145260005009 1.58651557039358e-07 1.25773611469051e-05 0.511624940844676
0.0455280070640025 0.0335442403122483 0.205839881580563 0.250410681856757 0.0257211773231806 0.0303280734262915 0.0325176278711536 0.0450413219217002 0.0297462512346157 0.0319853561224968 0.136624570602854 0.304892245580786 1.46607240181416e-05 3.92745857680272e-13 0.423315333193335
0.205948470741931 0.0990473997114165 0.178935690184341 0.167838362796673 0.255389489292755 0.195245209019737 0.0414172499920379 0.0558109991741268 0.0660404895667424 0.0418966359364683 0.294211507107721 0.0187732669898921 0.00183902962675321 0.0126761158239573 2.38793428540265e-08
-0.243811931501797 -0.0840301847090168 0.268043922967653 0.270325862713227 -0.123777224948098 0.0749740815904807 0.355875091915782 0.288737086739996 0.0452137050453088 0.0638701235234385 0.00160281020225551 0.813862349622094 0.355664526230002 4.23063552192367e-08 0.0556955066921829
0.0216934205346136 0.107070615799647 0.0819642829629036 0.331782383388217 -0.0154368192383726 0.0371920479347451 0.0359528388124576 0.0376875020861503 0.0337271846990293 0.034116243093539 0.56108621311434 0.00368085711900981 0.0321249565298376 3.67971886484866e-16 0.651956881338357
-0.0284000641448345 0.0736305697653435 -0.0293786389612981 0.0817543235633254 0.0223438125803737 0.0509957325619708 0.0407297395598457 0.0543434339520557 0.0505637870990256 0.0432818135993186 0.578912088049343 0.0738383865941907 0.590054694174584 0.109260734852447 0.606898942525239
-0.0129373156615352 0.161082872479401 0.0740358720492575 0.246002977960987 0.0381645215828661 0.0479355837848911 0.0353503108228414 0.0476102393027347 0.0413423624171302 0.0735073885635259 0.787830581925728 1.54401950929563e-05 0.123261562847877 4.45465463623249e-08 0.604833634888857
0.159106672261419 0.0599386916888548 0.190581242572028 0.251446600645299 -0.0411251602482077 0.0426341579722731 0.028401812236247 0.0402471388457443 0.0301869320046027 0.0273562236409822 0.000323571110519254 0.0374526320081527 7.6351761909397e-06 6.05289649773503e-13 0.13607366882961
0.262788969291894 0.0610174521135141 -0.351471249109059 0.197722030160147 -0.0127049522793606 0.341465619230904 0.0591604707023623 0.189834833973137 0.0341589428225366 0.032812105038129 0.443492691215302 0.305033293985804 0.0672769591080079 9.5432260368262e-08 0.699490450403236
0.133951786748479 0.0549876590052078 0.13925696151653 0.249543076947237 -0.0234442888601279 0.0454042808638849 0.0283343815775282 0.0323191375382728 0.0287755241452222 0.0596551028177327 0.00399875036186432 0.0552629536012704 4.0021760488723e-05 1.13381970542249e-13 0.69520203845474
0.0650438322448918 -0.174923123385361 0.207904482628667 0.167775548957303 -0.0464253285788176 0.0429429134014347 0.1992710523608 0.0365920624762873 0.0362798740534799 0.0336722909956385 0.133214422103118 0.382282257948157 1.48640728899192e-07 1.19686117342667e-05 0.171247220028548
0.0336722042032515 0.0719488086104961 0.109417399738273 0.172191660018642 -0.0439585096016092 0.030000240934247 0.036462521946496 0.033494252158229 0.0561589483406513 0.0438425581012402 0.264552097190328 0.0514067407061225 0.00151933036510454 0.00283124228770854 0.318606375631983
0.0629297217953027 0.0904542124828918 0.170947600690573 0.259043983456029 -0.104814393511219 0.0361063542481272 0.0390355578067899 0.0539530648816504 0.0451798740781882 0.0276564145045922 0.0845869736168016 0.0226391409167763 0.0020618954900174 1.15997810099104e-07 0.000264508790294567
-0.0934696014543737 -0.100499936094144 0.160560976540314 0.272504747323541 -0.0224967127463676 0.0277297828522923 0.0972547839780294 0.0316217462923031 0.0388188832920863 0.0314508654260295 0.00108912882956697 0.30408325772112 1.92870054214788e-06 3.42107175915549e-10 0.476198409113769
-0.0183381816422638 0.0769261265810854 0.21137848312108 0.280751478414021 0.0961597271192335 0.0329738612172394 0.0408034648515967 0.0318455744547032 0.0487797859573914 0.0311327807269265 0.579420682907733 0.0624475237376271 1.9607679526268e-09 1.05391849577202e-07 0.00263626125887013
-0.0395263335480194 0.0593335943820228 0.101007041338699 0.325375086341059 0.0254726607897697 0.0328673868928602 0.0511430114795593 0.0353522722625873 0.0485230979290407 0.0345981244530015 0.232119778999097 0.248894815988951 0.00525167182362881 1.43054235495395e-09 0.463396355228332
0.00664983859260289 -0.0456916645955812 0.289504323740787 0.264677050536841 -0.0338362863893219 0.0591135163494497 0.488976961762672 0.0531204889837624 0.0547496263377327 0.0372951974092566 0.910672646816951 0.925750201763149 4.03647920871824e-07 5.19704055172931e-06 0.366591463362936
0.235018794379411 0.0512431774196519 0.294207302898279 0.273118138843408 -0.0174222303144862 0.0337738863509003 0.0445068789757032 0.21159768971575 0.033688724555079 0.0466893178977344 4.56018859281382e-10 0.252506742847184 0.167688079694455 1.90216671510199e-12 0.709875198214678
0.114415953845801 0.11574952498021 0.0186945288715294 0.248508132589981 0.0187609193618654 0.0375516095789626 0.0323141646036596 0.187382855118594 0.0317055497635056 0.117520317449699 0.0030092356236269 0.0005447944744619 0.920744462476789 7.37742921913488e-12 0.873511032580256
0.0189897306401309 -0.0413444846459573 0.0530432976684326 0.168324863554158 0.00112239135183294 0.0396741740892264 0.0434863562829524 0.0492503487800456 0.0499198157953218 0.0312985646441981 0.633293030139828 0.344145834811573 0.284201542236133 0.00108103263949116 0.971468602916019
0.0712832418215564 -0.100326660572649 0.138759194900629 0.273490027906805 -0.0467655113377408 0.0394376935437203 0.0207075482038004 0.0449141361860986 0.0367591874672029 0.0455165073082889 0.0738508153694479 4.91792698863736e-06 0.00263034407748661 4.4710745918432e-11 0.306821947287741
-0.0614181365828445 -0.165173913925283 0.0805340718220042 -0.0932919818321331 -0.0414661364343905 0.0434375401704122 0.0898676884324079 0.0392160957916465 0.184278983493137 0.0460619597343376 0.160717993415377 0.0692596480889861 0.0428222431003486 0.613876351317281 0.370325632845573
0.0474881954517797 0.124017942800596 0.18616709986695 0.392132602890624 0.0171304371969213 0.0399923548903427 0.0342538350521915 0.0396180193549673 0.0274369099982802 0.0339526199441285 0.238017876885175 0.000473882825819736 8.81863414011255e-06 2.09880528785988e-25 0.61505061285177
-0.23676099507206 0.0759590660992527 0.184055338434237 0.0948730577866313 -0.33423311663093 0.0651507328511543 0.0506609492152947 0.050000909994745 0.0669533970428016 0.232365278552622 0.000454796309910709 0.137131052487036 0.000387444378079228 0.159788370139385 0.153643127666854
0.0720239837155496 0.154359333268735 0.0607646751910573 0.254742499665654 0.0113469788522761 0.0472318313346401 0.0316897155484202 0.0529620767535659 0.0284935067046748 0.0406450004236947 0.130605472079427 4.4268459694208e-06 0.254128873008664 3.03831423264281e-14 0.780719067129274
0.052760207620073 0.0729580922048312 0.123016807850136 0.303548869355969 -0.0705712423320192 0.0350108818997172 0.0447284702859036 0.0317550743684874 0.0321356496298517 0.0413712126072776 0.135137572680765 0.106173161608521 0.000196800108140413 2.52706418073898e-15 0.0913118346571429
0.41439306684145 0.0312789018548075 0.15754043471554 0.185751272401215 -0.106137603086923 0.212662992805416 0.0363496182347791 0.0369476835816106 0.0356591907600029 0.047409427234324 0.0543264374158711 0.391702136917372 4.77900688597957e-05 1.11697610728511e-06 0.0275319818596254
-0.113225709941948 0.0749413628906783 0.164680307955566 0.0628906860144946 -0.148620671103053 0.0412368845912742 0.0396316637107103 0.0592376061864745 0.0446675073456073 0.107635284289834 0.00722148504881661 0.0616786524915055 0.00655384477904041 0.162402788232094 0.170586398424819
0.052122655224553 -0.193159925263626 0.104435475608915 0.25160557652536 -0.0593842939314785 0.0458615312012962 0.124313623390329 0.0422157116578876 0.0455787659748662 0.0383153645106481 0.258627125283947 0.123589943837746 0.0151607879117134 2.98728660837547e-07 0.124530239698303
-0.0236793138308994 0.0249712474929306 0.205388817339178 0.275494332431426 -0.0651288124971065 0.0347983629649122 0.0475964903802928 0.0588690328458438 0.0318783495478592 0.0382948194387441 0.497860692888999 0.601052321189523 0.00073683720907212 1.31346379321832e-13 0.0922667293920065
0.0910765808470418 0.127049629123887 0.225063397838668 0.144576465109928 -0.0995280651379453 0.0364591089388112 0.0417477776595262 0.0451273898331951 0.0651558142327564 0.042720238213469 0.014206594759554 0.00302662552228033 2.75628649364303e-06 0.0288720027085544 0.0219363477360373
0.042217384580172 0.00684432632341269 0.173281920005696 0.192714739377479 0.00731349798725564 0.0269908780011225 0.0341269277997839 0.0438504320526911 0.0398549861648339 0.038198873036057 0.121110971697935 0.841475272744452 0.000149176090081422 5.11073854398693e-06 0.848575023253721
0.0123403480542774 0.119376999007651 0.160968686216204 0.198680859621578 -0.0737064299751257 0.0413900371681059 0.0277753364598196 0.0315729896130031 0.0396372727667829 0.041174034038705 0.766241473983529 4.16967783667093e-05 1.74431451032502e-06 2.48566876846181e-06 0.0766205386919747
-0.231415062848968 0.141177403329207 0.179998327605964 0.151154718361967 0.109856784288075 0.313477971506902 0.178261513789338 0.0572855743531652 0.166900921861378 0.151716322580519 0.462240834265731 0.430394821293881 0.00225019515311005 0.3674586597283 0.470826013281837
0.0488835479181133 0.078046740025887 0.156259676931031 0.205964469034948 0.0636618871495086 0.0483843406073918 0.0433716893980711 0.0503038517824214 0.0450446915010914 0.0469478512536333 0.314909554335219 0.0751165680459913 0.00249786434100631 1.45224486231412e-05 0.178309549230259
0.029255610458032 -0.14670025667124 0.167328906672034 0.252548635178549 0.0582014607658251 0.0442507881856426 0.233384524304514 0.0335871991986097 0.0378814005950795 0.0354234007029081 0.510144896480592 0.531150125461451 2.85634605359876e-06 1.77252529435067e-09 0.103719253078532
0.00360867335111467 0.119773596803344 0.097551461149932 0.276060439302061 0.0627307134042271 0.287628986001006 0.0322925444889724 0.0500578024139723 0.0594272976756371 0.0371103005508002 0.990016370577217 0.000351961597554541 0.0543038850588772 1.10257836098361e-05 0.0942678964226783
0.0614573177783515 0.0491689719923389 0.251968498999261 0.311108988371671 0.0208960639976342 0.0571115937736117 0.0269133442561546 0.016198150327022 0.0264582907892696 0.0337462273331892 0.284611442671294 0.0708493319539688 7.30117414238795e-28 3.10312388074284e-20 0.537258946325385
-0.191232786908428 0.0530448134047136 0.113023595844006 0.315085533830597 0.00143479454736128 0.025999342025885 0.0549330478899895 0.0340930544111615 0.0476033113336388 0.0477576037533362 6.70146096231949e-11 0.336682797096171 0.00129786944750421 2.1373387824198e-09 0.976095570885116
1.58334826644423 0.0684878570382589 0.120902339102687 0.32606223317196 0.0295161969255895 0.540913021959737 0.0429172300985778 0.0552780107947727 0.0504451941380321 0.0578963460724725 0.00428979686633896 0.113887339767794 0.031211116490607 4.51162315761314e-09 0.611378750864493
0.0631181836925465 0.00211208598115072 0.0642359731252839 0.200902979220387 0.0669981507907189 0.0307183049209399 0.0374291061667772 0.196971402987098 0.0417959639197406 0.0633468275142233 0.0427091063545424 0.955121135968746 0.745067580605219 5.87776119574459e-06 0.292959014574792
-0.00602366787724415 0.0202504041793063 0.193348073347511 0.309592446569701 -0.0273307301294597 0.0428954911071372 0.036977962748363 0.0294963197453793 0.0245444629836652 0.0489637661605937 0.888620259497225 0.585227335216374 2.87254819151951e-09 5.18817084426931e-22 0.578032740298816
0.0780602130245512 0.0105562955788251 0.156217289047044 0.278699972260088 -0.0622329059970167 0.0588061753830394 0.0405216757429129 0.0555564311350767 0.0447501281759713 0.0342952166317544 0.187552527071204 0.795034354483287 0.0059838492243549 1.28133461898071e-08 0.0727377634427109
-0.0392116043842237 -0.0501274895638644 0.193628028796045 0.286463511846109 -0.0195242120318042 0.0599851080608729 0.0467358329156207 0.0206721119444002 0.0262171504735466 0.0374491597489418 0.514908127856142 0.286209628579457 4.08478427660172e-15 2.00755346175704e-18 0.603347413889082
0.144071243097311 0.103920586653676 0.214082388206464 0.231848271042337 0.0131713134921071 0.0498346944184839 0.0374310853750906 0.0688650603352461 0.0495229026307503 0.0321992463532867 0.00475952680239595 0.00662272688279155 0.00247949435580628 9.44915649985291e-06 0.683418877718723
-0.0718984778035483 0.0087612660063111 0.382078783887918 0.284503167005235 0.0369142104441965 0.0330442789174202 0.0558876440076832 0.199345643269993 0.0344972759931162 0.0719035601130691 0.0320757901942535 0.875765714353125 0.0583181040724139 9.65084933314586e-13 0.608886588980023
0.214211079484435 0.0686326964117548 0.213772244480597 0.293519194671982 0.0114216937930359 0.0523192154340437 0.0474477570612692 0.0403584966189399 0.0440809457380029 0.0478950169585879 8.89328387282028e-05 0.151331285203614 7.6004937750768e-07 1.77869250794831e-09 0.812027490581729
-0.00851015715944319 0.00281703345120211 0.207194514059113 0.183700226194428 -0.0673738861200452 0.0393454067701552 0.0330924761302803 0.0394956458620268 0.0281141459849151 0.0351862786591489 0.829222713385816 0.932340283141372 9.41564984254855e-07 3.16314124592649e-09 0.0585295695047547
0.0399371539015914 -0.0522478074202544 0.294446695262865 0.333643056783886 -0.0158074169426369 0.0486167687409411 0.0397406495802079 0.0438942267851252 0.0424012759063081 0.0341347148327051 0.413436147071458 0.191769232728194 1.41385494107576e-09 5.68666291053256e-12 0.644359561756267
0.0501723835911625 0.0191933833373406 0.00674836999011039 0.213661041860143 -0.0193592265288835 0.0261301886087916 0.0358396986852722 0.17594601276054 0.0396401453428876 0.0296058205147173 0.0578779821499166 0.593545349133624 0.969486157642902 5.21049994716644e-07 0.514773185827464
0.0141520144411728 0.096651223298404 0.119784866594519 0.253755113835245 -0.000663074851968924 0.0311567759426571 0.0477828208136055 0.0353301684849587 0.0355245741393922 0.0350731991983988 0.650706952787288 0.0459128929478488 0.0010179247031187 1.83674056160905e-10 0.984956176299952
0.240725592797085 0.0120801176336654 0.178809688081663 0.0949226208060477 0.105797064447518 0.15885789176027 0.0359453232168533 0.0509009775659972 0.124454217306742 0.0316876856047822 0.133074921122375 0.7375757055216 0.000686258080134245 0.447565938992067 0.00121182250430795
0.0487174173061169 0.0498300118929891 0.182202667914658 0.261353594246743 0.0642812186776727 0.0344509646401068 0.132932614371569 0.0290706129602379 0.0272825716064892 0.0349437567884074 0.160633505545067 0.708615182936998 1.10133219961196e-08 1.4399052312419e-15 0.0689887931989344
0.110251261551115 0.247139317391786 0.275844953278763 0.279066497923974 0.166369155185024 0.053566939226527 0.0503723270696262 0.0398078117655126 0.0501232244237643 0.0404439572160009 0.0423098995170938 3.83652975374343e-06 5.02874123440222e-10 2.38895675281887e-07 8.28622668211175e-05
0.0141853444448889 0.0757857155091493 0.0606405303150508 0.318105529308823 0.0298527138208865 0.0426430366077791 0.0309773833726759 0.0250343921216698 0.0341719524291282 0.0434366945839499 0.740128988080492 0.0162650159758832 0.0173197271860109 4.95784531826514e-15 0.493587355187496
0.0762997745165514 0.125719157849807 0.0717893233264898 0.539510368193447 0.0488496312268224 0.047356405441089 0.0576651103281122 0.0438681397604451 0.0417089289548928 0.0543294982195614 0.110457794201694 0.031716265127282 0.105047999650228 1.13407880046403e-22 0.370853389468465
0.10722559903581 0.132490081472766 0.179993066521665 0.187537915352093 0.0119176808812609 0.061706986927072 0.0387615947628017 0.0394619986084378 0.0318474281464316 0.044400589683526 0.0855462636363543 0.000933815639844214 1.53320866869301e-05 5.99873632793032e-08 0.788969862025714
0.0289389497361326 0.180578509347125 0.178692932624162 0.117267587229258 0.0985788906226862 0.0333189379577473 0.0406639178645028 0.0442508398050391 0.0781254377644738 0.0418906100400483 0.387285732413434 2.42010137347911e-05 0.000109151793822323 0.136667684325457 0.0206718128856868
0.0622413232322509 0.072428338424869 0.142647460008064 0.294450561190545 0.0452099079162053 0.053538447784482 0.0364105830627438 0.0407246421139189 0.0519935644042754 0.0427308269115954 0.247922728658749 0.0495538528668977 0.000703824802488715 1.57765647891912e-07 0.292730927536381
-0.118792284733639 0.0705900855828611 0.21420117677388 0.402636426786483 -0.151795398729007 0.0396145048045871 0.0372803833431097 0.0609733452898525 0.0556693061430844 0.0569011720783012 0.00346095007387187 0.0613357229521507 0.000680136281630734 1.20127483145195e-10 0.00897961773811213
0.0925127581178526 0.0726191686024305 0.138216839205694 0.289417204100677 0.171016526915949 0.0593213380004197 0.0359735046654274 0.041108768975258 0.0313250407683924 0.0972603934895288 0.122234150581082 0.0463689097208983 0.00111948846089695 7.62543801467327e-15 0.0819449874188675
-0.0966560155185089 0.0349689463972955 0.390936215541688 0.267919852383081 0.0255304930010499 0.0503673682715243 0.0518350114159968 0.0736947662630206 0.0346575795230535 0.0699739952443411 0.0579833105855865 0.501555552009245 7.34883800355372e-07 1.10850466473793e-11 0.716029220558568
0.0370932976653868 0.0443447547529297 0.132180823110767 0.259709663693852 0.0593895238166362 0.041314093930814 0.0429321152819461 0.0359630110617824 0.0369138201679838 0.201924331365502 0.371566690842182 0.304298991196587 0.000394907922502557 3.17847378730991e-10 0.769316430698328
-0.0694848563535278 0.413910450863011 0.168281817226387 0.201640601447019 0.0650208675054436 0.0680927136340389 0.462877158990636 0.0565674218335364 0.0692309891946756 0.335417891579123 0.310164780052827 0.373516673048893 0.00373401041339353 0.00448795162112607 0.846715862467663
0.116624507456197 0.135053822175637 0.288658734187411 0.156864356541791 -0.0274195501794888 0.0305526028707228 0.0471285991219268 0.0409829596390527 0.0278010420849584 0.036970726341671 0.000240399091284032 0.00512398826432223 2.94179963637667e-10 1.7273168069434e-07 0.460125545252508
0.103933514097564 0.189627086515992 0.153514330352955 -0.691745315099161 0.0328528916462415 0.0739914364795049 0.0289771200811417 0.0320793931926078 0.294708461993559 0.0304549432205433 0.163415460023472 3.12151838361369e-09 6.32267376574736e-06 0.0210124837711406 0.283465057481986
-0.509082292519336 0.159439272858514 0.174763294836636 0.194941805982274 0.146240105877392 0.525972790891356 0.0499573644334562 0.0366443679086211 0.0447999598988438 0.0451439660222318 0.335584479757997 0.00192482045393831 6.74776548209076e-06 3.43565749324972e-05 0.0016563783228062
-0.0480941522396837 0.00261500971339641 0.162585935155698 0.265941003290672 -0.270714578897417 0.037760055924466 0.0372079992612402 0.0275233852467455 0.0271057751444539 0.283491246487063 0.205917974787358 0.944119429640883 5.52634299767807e-08 4.62924124270811e-16 0.3420619417452
-0.0602707741089432 0.174209058010055 0.383598449974341 0.15204501861178 0.0266215867215502 0.0305906981649069 0.0578259504535193 0.0379239458759469 0.0395247270644259 0.0358654372750896 0.0517232308196684 0.00331926361592977 9.38777533804508e-17 0.000216577229598425 0.459759328154039
0.0390660200893832 0.165289113168132 0.197889172263475 0.292738319886365 -0.0905248873311498 0.0380773811645223 0.0419279982102627 0.0321934494397143 0.0373222482400417 0.0578781501150519 0.307513885048023 0.000154311665757278 1.84785265053375e-08 6.42266607443882e-12 0.121128700210676
0.0283899457342989 0.0436877424843501 0.254904229739349 0.482067123202413 0.0186674365169605 0.0449192231251262 0.0458965780861548 0.0412015321279377 0.029800311235021 0.066473697157677 0.528890458341747 0.343576625047852 1.54347569425855e-08 4.85408754612547e-29 0.779455769966259
0.0637406900688649 -0.172792011487951 0.110789108830039 0.26875174286392 0.124340775930851 0.0446193732629317 0.0615684352268929 0.043958228276423 0.0486602673831272 0.296836502632806 0.156450087275939 0.00608836983357243 0.0134099887427346 2.95175113098495e-07 0.676254764427914
-0.878672737993875 0.0238095081240568 0.186921121761982 0.0244536594716711 -0.0174267762567008 0.651859373081135 0.0969242970363183 0.0533919556958222 0.0502559819027763 0.0742296123316527 0.180914509914537 0.806488296658652 0.000711015853814455 0.627687116701235 0.814899042066066
-0.0155372988117972 0.0751030938765843 -0.41093316563627 0.241852577961008 -0.0625363435809883 0.0788464176511656 0.0426143816292744 0.288143255038159 0.0718916122151848 0.0359477058973983 0.844207792653648 0.0812542420780624 0.157140102762615 0.00111262111697744 0.085194089514498
0.00933211009152261 0.154763686169379 0.20988542354737 0.247540294997909 -0.0522098172546168 0.0580958420158526 0.035865852277433 0.0403937336821065 0.0395887170912126 0.0562478373658582 0.872723537597437 3.90853903850081e-05 1.1613292111875e-06 1.14466620529728e-08 0.355650917000293
0.181790275141372 -0.0175097736724529 0.180191248500981 0.277244710541006 0.0619443788737351 0.0354362794226286 0.0385404594317848 0.0347817046642984 0.037125768870797 0.0368653822129311 1.52888439680788e-06 0.650633527371831 1.23833825451787e-06 3.91676225605501e-11 0.0961872664166867
0.0470185649160582 0.0565617089363776 0.132907965223576 0.264197004726434 0.0501968177408435 0.035773165491301 0.0277597183978707 0.0483285612426254 0.0349900395086458 0.040246038345014 0.191892031187777 0.0443763152339763 0.00713334413984225 2.63257811155208e-11 0.215372383597146
0.0455566567312711 0.0440100537910893 0.198488547249254 0.289087060455247 0.0879467314821082 0.0520267967046862 0.0484953595516541 0.0408637920469819 0.0488103816754064 0.0451680028088624 0.383435299884621 0.36643312384281 4.6779084232605e-06 5.03896881931911e-08 0.0544756617941752
-0.0162702560910983 0.0646024697585058 0.186509567553487 0.263356869213338 0.136709017964467 0.0631517808920262 0.129188956498881 0.0394166962481627 0.0443346416011905 0.0446287297870773 0.797249993637937 0.618200174550249 7.83332513248949e-06 4.77476252837702e-08 0.0028562503077775
0.097513118128692 0.0252637429505652 0.282349139907758 0.169533324009651 0.0586053740582086 0.0488401662123629 0.0446448996694871 0.0462300737869255 0.0685295269205454 0.0521976710595516 0.0487331241218432 0.572808273082734 2.20640062293941e-08 0.0151407032117287 0.264369637326728
0.0933634004755496 0.124212240770156 0.115999546090911 0.202895872625954 -0.149914189044547 0.0273550024067906 0.0327200994925979 0.0331650063694453 0.0382292601688097 0.035606438617597 0.000945707888354723 0.000258720735012621 0.000715798840103586 7.27029449074793e-07 5.79218904566213e-05
-0.0273716429326929 0.10155659300791 0.384050157302109 0.125668883853871 -0.0335936210150318 0.085926988501842 0.223521905110211 0.0435288442794895 0.0534843123424104 0.128080544908497 0.750785576700321 0.650637485547017 6.31771909279939e-14 0.0209069410419107 0.793681734766564
0.0268550113854494 -0.0188163701803622 0.0462672700806229 0.317554346444192 0.0779173838440143 0.030711225408465 0.0372301063018021 0.261303418159521 0.0287408183670225 0.0356424636471823 0.38410935895624 0.614455773448994 0.85983955672834 1.10940713083317e-18 0.0312929706797794
0.173877319047983 0.105909520511513 0.128566966996004 0.275637583888802 -0.0794770027903156 0.0607913653737188 0.044807111764487 0.0515691543017256 0.0491788236705127 0.0491300509999882 0.00520511579023734 0.0201310969776995 0.0143935141154146 2.03361020371951e-07 0.109045961558672
0.00679878960575739 0.0463847986212613 0.105751122428414 0.227945873824256 -0.0338426427971854 0.0619724892033901 0.0291271571094429 0.0467284652494007 0.0445059170634802 0.0318847869675101 0.912873497716418 0.114596004958751 0.0259063719752276 1.58295287264226e-06 0.291197203966108
0.166979050007737 0.0739396083768915 0.0446520927630113 0.375828990701949 0.116280707293412 0.0448516346380448 0.0490416090210194 0.0573702251454696 0.0544662902197247 0.0497479958938797 0.000333780433245756 0.134951940110109 0.438317709091331 5.76702015874862e-10 0.0215181003766621
-0.0612374333682912 0.115768879748077 0.0619126605318703 0.286163865488366 0.0703038710861662 0.0590140377941854 0.0384515186294565 0.0460632919413454 0.0370983482499952 0.0547672018098107 0.302055058439043 0.00333795335235016 0.182124215190232 1.20216258567062e-11 0.202374224686318
0.0210287401916331 0.217234575706448 0.132484499035924 0.22889388901728 0.06498753960746 0.0439457320110549 0.0516459711974025 0.0563958638346075 0.388161080400385 0.0386938818141453 0.633394044519115 5.92695761766601e-05 0.0209079801267597 0.55681467477404 0.0963697383992064
0.146189376459944 0.150281756229857 -0.0527709360349811 0.307533966257343 0.0664681957933229 0.0360145128667714 0.045528602674178 0.031197584102911 0.0380035476310062 0.0413975329333031 0.000101119479509712 0.00135873439109722 0.0940180138512121 1.92362580866531e-12 0.111679319605819
-0.109784525428294 0.0821446371143994 0.0881107492627865 0.203897227002904 0.0249166659203235 0.209743698473877 0.0403372194092486 0.0407796318506095 0.0408159265443937 0.0271016339624187 0.601912205881872 0.0445183998478234 0.0332640951744214 2.70175359927349e-06 0.36025075585332
0.0377872127529471 0.107156035955184 0.142026185696479 0.24424930020598 -0.0458289176982975 0.0394745472958683 0.0476937065770932 0.0407007560793239 0.0554926323987402 0.0293960665417078 0.340868261328046 0.0269711735105368 0.000735347243312163 2.81366775877673e-05 0.122318025937469
-0.112889867130165 0.128385545795382 0.148518850575046 0.305067806918548 0.204784389534794 0.0622642752021178 0.0699855528200859 0.0854952453452074 0.0444584988126209 0.0545169833961687 0.0729780244394215 0.0697160235887578 0.085600118962918 6.90198774896883e-10 0.000297289452224464
0.131639739515078 -0.0963476185113194 0.0467670323875072 0.203635113899409 0.0690043147355889 0.0516555450852693 0.165281836643309 0.0530176855239887 0.0549020193226851 0.0620825867364962 0.0124599305075073 0.56135176319556 0.379995659016079 0.000353728601718544 0.269221721180604
0.0548227882073307 0.051631001527673 0.140029179425405 0.240216638761503 0.0366050106265495 0.107617371225788 0.0584629291175163 0.0481380270067624 0.0473919068058781 0.032489753032327 0.611649460857365 0.379413207475459 0.00452621245332363 2.00017663009723e-06 0.262752888173726
-0.8802823658092 0.122538903090315 0.256742634125463 -0.0670216482646285 0.0467795362238009 0.30176915359007 0.0604984993718921 0.0450360335265086 0.0551005823528718 0.0355110242157421 0.00441913283214131 0.0456526736653736 1.36752884507107e-07 0.226896750928432 0.190931965018143
0.0318648923529249 0.289538196377743 0.19415336228159 0.262726749308465 -0.0427657400445341 0.0379317819003429 0.0403022499462871 0.0532338327243857 0.0442720119188031 0.0476644705570515 0.402985155277048 1.51193144412442e-10 0.000432857929820848 4.78332556405429e-08 0.371867184530872
0.0520396237868926 -0.0463081725772425 0.222119727024575 0.350241512371776 0.0117177124999331 0.0437642040117098 0.220078859256678 0.0294222378175631 0.0356343524829631 0.0586129819152378 0.237398960085772 0.833798232368714 2.78376077186333e-11 4.24853066449231e-16 0.841977605210191
0.0271931251010113 -0.142278203459116 -0.0329684726936021 0.115098011723 -0.0492101770194627 0.0637012887181136 0.0526194817423464 0.463086718531397 0.0615951143731151 0.0625377557660743 0.670439233972132 0.00813455223820104 0.943395505987281 0.0647895959628911 0.433327180959823
-0.0444625866650734 0.138158432295535 0.38020941621905 0.361241743619113 0.00134628941576618 0.0673611517980019 0.0347582177066768 0.0403313950652968 0.0592075524550238 0.0567722152857484 0.510810756091516 0.000137253850619469 2.77114871265992e-15 2.2687439787419e-08 0.981130575189965
0.0610141184772295 0.0982477911292177 0.229948838265227 0.277929434932817 -0.0121884345174498 0.0358258207991437 0.0324572597157447 0.0478482671847595 0.0606204585827357 0.0410525549416597 0.0918233443950417 0.00317906281985811 5.75755648972305e-06 1.38400785316322e-05 0.767192315275118
