Average Estimates for Betas: 
0.02689577 0.09521787 0.1628782 0.2538613 -0.01337793
-0.01565752 0.006950254 -0.01165148 -0.02546149 -0.005143693
0.004953141 -0.008840586 -0.005730662 -0.001779299 0.002335935
0.005054807 -0.004824547 0.00846334 -0.00354576 -0.0007259741
0.002323616 -0.002559918 0.002317871 0.007855856 -0.001604635
0.008028465 -0.003809804 0.004779773 -0.00644723 -0.002879868
Positive rate for exposures: 
0.13 0.33 0.6 0.86 0.04
0.02 0.06 0.05 0.08 0.11
0.02 0.07 0.06 0.05 0.06
0.05 0.04 0.05 0.05 0.04
0.08 0.03 0.02 0.06 0.04
0.08 0.06 0.06 0.06 0.05
Standard Deviations of Betas: 
0.08033384 0.07168602 0.08521964 0.09789916 0.0715756
0.06500602 0.06291794 0.08544749 0.08307733 0.08892538
0.06834819 0.08282792 0.08324544 0.0852128 0.08066241
0.06824979 0.06537334 0.07470649 0.08079343 0.07458142
0.08708347 0.06311843 0.06193331 0.07670339 0.07312714
0.0740035 0.07550703 0.079849 0.07589014 0.06794403
Average StdErrors for Betas: 
0.06770906 0.06555694 0.07179992 0.07244229 0.06465908
0.06619314 0.06315952 0.06852406 0.0687645 0.06806831
0.06786493 0.06443193 0.06825097 0.06634743 0.06748658
0.06533089 0.06650946 0.06698113 0.06607863 0.06624367
0.06842635 0.06783368 0.06745728 0.06647073 0.06807775
0.06577763 0.06529202 0.06710166 0.06578744 0.06489724
Q-value positive rate for exposures: 
0 0.11 0.39 0.71 0
0 0 0.02 0.01 0.02
0.01 0.01 0.01 0.01 0
0 0 0 0 0.01
0.01 0 0 0 0.01
0 0 0.02 0 0
Precision/Recall/F1 based on p-values:
0.5800604 0.48 0.5253078
Precision/Recall/F1 based on Q-values:
0.8962963 0.3025 0.4523364
Power at FPR threshold of 0.05: 
0.12 0.32 0.59 0.86
