Average Estimates for Betas: 
0.03064984 0.08809445 0.1358355 0.2180736 0.001598621
0.002099347 0.01335081 -0.0008723314 0.003173554 -0.006384348
0.009795051 0.008414767 -0.01666276 -0.001980238 -0.001912334
-0.005099753 -0.01343631 -0.006214126 -0.01999141 0.006677092
-0.002256479 0.00832716 -0.008965677 0.01529632 0.009960067
0.007408076 -0.01170059 0.01083894 -0.0187647 -0.005686546
Positive rate for exposures: 
0.08 0.28 0.53 0.75 0.05
0.03 0.05 0.03 0.06 0.06
0.02 0.05 0.08 0.02 0.04
0.05 0.02 0.05 0.03 0.03
0.03 0.05 0.04 0.04 0.04
0.05 0.08 0.01 0.06 0.03
Standard Deviations of Betas: 
0.1004022 0.108443 0.1191711 0.1554426 0.1002961
0.09495239 0.09674249 0.09664912 0.1078831 0.09452643
0.09697771 0.1096753 0.1162684 0.08629345 0.1080849
0.09573476 0.08741268 0.0916071 0.09513257 0.08884221
0.1057502 0.09487365 0.1007512 0.090051 0.09372742
0.1046335 0.113448 0.09259495 0.110586 0.0886691
Average StdErrors for Betas: 
0.08976195 0.07942772 0.09079287 0.08953688 0.08368499
0.08736639 0.08199318 0.09170668 0.08731143 0.08565902
0.08615408 0.08738602 0.08451534 0.08158258 0.08860248
0.08780338 0.08739276 0.08584809 0.08723114 0.08609125
0.09027433 0.07992093 0.08696749 0.08167029 0.08979151
0.08376739 0.08079189 0.08764216 0.08525309 0.08174092
Q-value positive rate for exposures: 
0 0.08 0.25 0.55 0
0 0 0 0.01 0.01
0 0 0 0.01 0
0 0 0 0 0
0 0 0 0.01 0.01
0.02 0 0 0 0
Precision/Recall/F1 based on p-values:
0.5985401 0.41 0.4866469
Precision/Recall/F1 based on Q-values:
0.9263158 0.22 0.3555556
Power at FPR threshold of 0.05: 
0.09 0.28 0.54 0.75
