Average Estimates for Betas: 
0.01389424 0.02315321 0.05022048 0.06739369 0.001560428
-0.0003941762 0.005709863 -0.005560911 0.001293607 1.933351e-05
0.003029007 0.004886738 -0.003163784 -0.002898188 -0.0006015759
-0.000628699 -0.003357373 -0.0006194027 -0.001950602 0.001563784
0.0008343663 0.001200326 0.002581984 0.004063587 -0.003122862
-0.000123303 0.002742071 -0.001487581 0.0001802455 0.001891988
Positive rate for exposures: 
0.3211009 0.3944954 0.7247706 0.8440367 0.2752294
0.1743119 0.2477064 0.2018349 0.1834862 0.2018349
0.2018349 0.2018349 0.1834862 0.1743119 0.1926606
0.2385321 0.2477064 0.293578 0.1926606 0.266055
0.3119266 0.2385321 0.1926606 0.1376147 0.2844037
0.2201835 0.1743119 0.2201835 0.266055 0.3027523
Standard Deviations of Betas: 
0.02334785 0.02533477 0.02921865 0.03659067 0.02571413
0.02180145 0.02516185 0.02165245 0.02260275 0.02387358
0.02281836 0.02353168 0.02268333 0.0230586 0.02270561
0.02471122 0.02315178 0.02620463 0.02348257 0.0245515
0.02819031 0.02503268 0.02213552 0.02144893 0.02536134
0.02475897 0.0230121 0.02366237 0.02761512 0.02551478
Average StdErrors for Betas: 
0.01499092 0.01498521 0.01534899 0.01565514 0.01476395
0.01480007 0.01486235 0.01478512 0.01489925 0.0147836
0.01482274 0.0148682 0.01490715 0.01491256 0.01473946
0.01478727 0.01485208 0.01474514 0.01485304 0.01477652
0.01478073 0.01480582 0.01480127 0.01495072 0.01482243
0.014838 0.01469478 0.01464037 0.01494722 0.01477123
Q-value positive rate for exposures: 
0.1284404 0.2752294 0.6697248 0.733945 0.146789
0.0733945 0.1284404 0.0733945 0.08256881 0.08256881
0.09174312 0.1192661 0.1100917 0.1192661 0.06422018
0.1284404 0.1284404 0.1284404 0.1009174 0.09174312
0.1834862 0.146789 0.0733945 0.05504587 0.1100917
0.1651376 0.1376147 0.09174312 0.146789 0.1284404
Precision/Recall/F1 based on p-values:
0.2816742 0.5711009 0.3772727
Precision/Recall/F1 based on Q-values:
0.3832685 0.4518349 0.4147368
Power at FPR threshold of 0.05: 
0.08256881 0.1834862 0.5779817 0.6880734
