Average Estimates for Betas: 
0.01478859 0.02295014 0.05305665 0.08002575 0.00515524
0.00285515 0.004978033 -0.005479138 0.004727674 0.002579651
0.001359523 0.005732636 -0.008319321 -0.001757327 -0.001232852
0.00206903 4.804173e-06 0.002509247 -0.003533498 0.002830559
-0.003134772 -0.001056104 0.004783152 0.006601263 -0.004437201
-0.001860158 0.006102174 -0.002644999 0.002571986 0.001130705
Positive rate for exposures: 
0.412844 0.4036697 0.7889908 0.8348624 0.3761468
0.3577982 0.3669725 0.3211009 0.3394495 0.2752294
0.3669725 0.3302752 0.3302752 0.3302752 0.3944954
0.3944954 0.3944954 0.3486239 0.3211009 0.3577982
0.412844 0.3027523 0.3577982 0.3577982 0.3302752
0.3486239 0.3853211 0.3394495 0.4220183 0.4311927
Standard Deviations of Betas: 
0.03433112 0.03526054 0.03698645 0.04761305 0.03119582
0.03490118 0.03622869 0.03006673 0.0318508 0.03243465
0.03174535 0.03039068 0.03351663 0.03233487 0.03841488
0.03794639 0.03079176 0.03187537 0.03058152 0.03405896
0.04234355 0.03130383 0.03238543 0.03185258 0.03167041
0.03398656 0.0304587 0.03517213 0.03767633 0.03905181
Average StdErrors for Betas: 
0.0146788 0.01467994 0.01511245 0.01531406 0.01453023
0.01449556 0.01448621 0.01453894 0.01457998 0.01465618
0.01454382 0.01458507 0.01458848 0.01469296 0.01432776
0.01449224 0.01458555 0.0145463 0.01463478 0.0145219
0.01445544 0.01458172 0.01445305 0.01463534 0.01465628
0.01459036 0.01448705 0.01447474 0.01473219 0.01456515
Q-value positive rate for exposures: 
0.3486239 0.3394495 0.7155963 0.7889908 0.3211009
0.2844037 0.3119266 0.2018349 0.2201835 0.2110092
0.266055 0.2477064 0.2568807 0.2293578 0.3119266
0.3027523 0.2844037 0.2844037 0.2293578 0.266055
0.3486239 0.2110092 0.2568807 0.2293578 0.2752294
0.293578 0.2293578 0.2385321 0.3027523 0.3394495
Precision/Recall/F1 based on p-values:
0.207975 0.6100917 0.3102041
Precision/Recall/F1 based on Q-values:
0.2397192 0.5481651 0.3335659
Power at FPR threshold of 0.05: 
0.04587156 0.1100917 0.2568807 0.5229358
