Average Estimates for Betas: 
0.001616596 0.009671129 0.03445147 0.05784631 0.003743279
-0.009580431 -0.001198696 -0.007839429 0.005568282 0.01588348
0.01102225 0.008038152 0.007411082 0.006942842 -0.01190004
-2.378442e-06 0.003967029 -3.328757e-05 -0.000444881 -0.01195611
-0.0003630721 0.01366914 0.01193464 0.0008263966 0.002501792
0.0009345831 0.0027789 0.008399911 0.01112137 0.003185912
Positive rate for exposures: 
0.6605505 0.7798165 0.7889908 0.8348624 0.7431193
0.8165138 0.7614679 0.7706422 0.7522936 0.7981651
0.7981651 0.7522936 0.8715596 0.7247706 0.8073394
0.7706422 0.8073394 0.7155963 0.733945 0.7889908
0.706422 0.7522936 0.7247706 0.7522936 0.7431193
0.8073394 0.8440367 0.7798165 0.7522936 0.7522936
Standard Deviations of Betas: 
0.0878212 0.08767713 0.09114791 0.09135554 0.1003043
0.1009673 0.09164288 0.08775354 0.08993013 0.083001
0.08924436 0.08752209 0.08959351 0.0916723 0.09547305
0.08184229 0.1050488 0.09146666 0.09299076 0.09691207
0.09127608 0.09058499 0.1067263 0.08901022 0.09726339
0.09449533 0.09535167 0.09312447 0.0927679 0.09643828
Average StdErrors for Betas: 
0.01352374 0.01318912 0.01337465 0.01339823 0.01314967
0.01324856 0.01315856 0.01318564 0.0132896 0.01344355
0.01346969 0.01335693 0.0133545 0.01361335 0.01314638
0.01311807 0.01349436 0.0132995 0.01343878 0.01341137
0.0132693 0.01343376 0.01325197 0.01343835 0.01350048
0.01331746 0.01319415 0.01331309 0.0133172 0.01339341
Q-value positive rate for exposures: 
0.6422018 0.7706422 0.7614679 0.8348624 0.733945
0.8073394 0.7614679 0.7431193 0.7431193 0.7798165
0.7798165 0.7431193 0.8348624 0.7155963 0.8073394
0.7522936 0.8073394 0.706422 0.706422 0.7614679
0.706422 0.7431193 0.706422 0.7431193 0.7155963
0.7981651 0.8348624 0.7614679 0.733945 0.7522936
Precision/Recall/F1 based on p-values:
0.1326977 0.766055 0.2262106
Precision/Recall/F1 based on Q-values:
0.1326324 0.7522936 0.225507
Power at FPR threshold of 0.05: 
0.04587156 0.05504587 0.05504587 0.09174312
