Average Estimates for Betas: 
0.003333808 0.009912697 0.03083975 0.0568842 0.008105276
-0.0080687 0.000785271 -0.005871105 0.002233469 0.01366403
0.01094006 0.006697227 0.007365961 0.007745833 -0.009646432
0.0002240349 0.007171062 0.001006477 -0.0002099185 -0.01356691
0.0008433591 0.01367854 0.01252548 0.002704805 0.001884075
0.00618225 0.0040509 0.008863785 0.0119282 0.00337509
Positive rate for exposures: 
0.6513761 0.7889908 0.7614679 0.7889908 0.7431193
0.7981651 0.7798165 0.7155963 0.7706422 0.7889908
0.7614679 0.6697248 0.8715596 0.7155963 0.8073394
0.733945 0.7889908 0.733945 0.7247706 0.7522936
0.706422 0.7431193 0.7614679 0.7614679 0.7431193
0.8348624 0.7798165 0.7431193 0.7522936 0.7614679
Standard Deviations of Betas: 
0.0832298 0.08356231 0.09257254 0.08459901 0.09725853
0.1031256 0.09040023 0.07979954 0.09177973 0.08374933
0.0898855 0.08832769 0.09502045 0.08370338 0.09910187
0.07906819 0.1058186 0.08700965 0.09310516 0.09570738
0.08841583 0.08844726 0.1077143 0.08619691 0.0947073
0.0923009 0.09188153 0.08903833 0.08931976 0.09345974
Average StdErrors for Betas: 
0.01357122 0.01321589 0.01334456 0.01344862 0.01318372
0.01327596 0.01325472 0.01321424 0.01332429 0.01343754
0.01348416 0.013371 0.01334636 0.01362596 0.01328072
0.01316335 0.01347801 0.01331736 0.01346588 0.0134186
0.01335123 0.01346637 0.01328713 0.01344601 0.01347992
0.01336789 0.01321098 0.01335045 0.01334132 0.01337569
Q-value positive rate for exposures: 
0.6422018 0.7614679 0.7431193 0.7614679 0.7247706
0.7981651 0.7706422 0.7155963 0.7614679 0.7798165
0.7522936 0.6697248 0.853211 0.6972477 0.7889908
0.706422 0.7798165 0.7247706 0.7155963 0.7431193
0.706422 0.7247706 0.7522936 0.7431193 0.7431193
0.8073394 0.7798165 0.733945 0.7431193 0.733945
Precision/Recall/F1 based on p-values:
0.1315577 0.7477064 0.2237474
Precision/Recall/F1 based on Q-values:
0.130078 0.7270642 0.2206753
Power at FPR threshold of 0.05: 
0.05504587 0.03669725 0.08256881 0.06422018
