1e-10 0.0917167880855486 0.191088481299844 13.413234082842 0.0260544248425884 0.0028706528746852 1e-10 0.00264018338183528 0.951802271687948 0.00727656047660649 5.68005159109604 11.2044014888339 12.1705847933401 14.4967387647871 8.0998977163468 5.66609461286289 5.56946791993129 5.68073299628933 15.0891179570645 6.08890213412164 0.0134933022677374 0.053064887483218 0.09169445924924 1 0.0235397129560235 0.0132263779101882 0.0129653205389905 0.0131806090043122 0.310762792980465 0.0146092486752015
0.173336712055517 1.24580326456937 6.27892247880471 11.3066338091479 1e-10 1e-10 0.0830345661174264 1e-10 1e-10 0.037607186151666 10.944500964538 15.2708570313768 8.36586969491676 12.5730530856123 7.03750321242236 5.72213214418257 9.42212739365557 5.96142191023255 13.6789018882963 7.75441187842347 0.0952114495913736 0.396410140903642 0.99999632310487 1 0.0295410516185138 0.0224799683250008 0.0574567507793186 0.0239099702370286 0.999999868830643 0.0362417338837988
1.18502247351481 0.724007754390437 0.0131211241885666 7.00888296355709 0.00503093492849513 1e-10 1e-10 0.0339125610387957 1e-10 0.00889359658656169 15.451424746115 14.8673917227105 8.48204134628948 8.8884945562503 5.82104618563767 6.08881859795561 5.4738524772347 9.54684360645373 10.9113120684367 6.35400012264202 0.362017215549693 0.253251629267775 0.016838953275594 0.999999929290991 0.0133800043132283 0.0141738266256872 0.0125362983247215 0.0269779394719801 0.0499840008585918 0.014887753414747
0.00286503662373211 0.594071691087507 11.5233572620688 8.48112824090059 1e-10 0.0537201572723806 1e-10 1e-10 0.0361893256740838 0.0193124383790498 5.51331710666183 13.3927837978819 12.7651648260653 10.1010782178417 8.6316006788761 8.90165495528805 6.18477321785583 13.5642208943287 8.18086408481571 6.5486371960406 0.0229816377912502 0.237192359991483 1 0.999999999999527 0.0447783457525085 0.0449789813223789 0.0256316638735793 0.289389725816119 0.0365483562886514 0.0285749754977532
8.01263094060866 5.38027112967129 4.67262579436424 9.76429219155787 0.00948298740994483 1e-10 0.0163602124942842 1e-10 0.0390062204231832 0.608962072419983 9.76089270096107 7.95335445223089 7.60866340181884 11.1943390417919 7.2192466606806 9.49994905885456 6.60885456690966 5.47314322014248 9.22296939920565 13.7445583080978 0.999999999965693 0.997204509280882 0.927962391429497 1 0.0222845114787965 0.0571151771349202 0.0249838222175046 0.0202969211808305 0.0352729427278395 0.237402237486452
0.0668740048523275 0.0330111127334793 6.14460165231269 10.1287517507057 0.00218324507800591 0.0902214675649503 0.0138806170192676 0.0175823815777648 0.0208852011247222 1e-10 13.3016393473978 9.73344044842434 8.23711300218632 11.9800297630541 7.98089498423105 12.0507438590618 8.24566117789428 9.23593402266394 8.71975153869727 12.0846235837889 0.0375138294499026 0.0227556537131053 0.999980751988502 1 0.00838831497836334 0.046891414921011 0.0135944958463913 0.0151737103386105 0.0144958781435958 0.00811717059125261
0.21290880802999 5.04964436434155 8.91206748453091 24.8512469719248 0.562586648620566 0.10366195325966 1e-10 0.0486329828756621 0.535329439054878 0.0253303936609226 13.4065287227653 7.60929415719847 13.88873467281 28.410433737003 14.3827425512657 12.4144184725199 9.08008997443276 12.1460966417901 16.1301735758787 9.39959192478583 0.108988038851055 0.992773497649866 0.999999999999335 0.999999999999796 0.223714819821964 0.0653949027639571 0.0347177167128482 0.0405931053309952 0.215712478957862 0.0293723186900705
1e-10 1e-10 0.00955499259524507 0.026406568236202 0.0272518649777097 1e-10 0.0498916179385406 1e-10 0.0478414689463337 1e-10 7.98561890947407 10.9507270198813 12.5288968535119 14.0684146133151 8.44210139401784 8.65277874939347 10.2898695365268 6.00522112776931 12.5272245398384 10.4138165824964 0.0149041278742299 0.0111698037324048 0.0139971766045383 0.0222085838434083 0.0226179289361129 0.022761310565414 0.0331709586922082 0.0123524655841543 0.0312368276451293 0.0403112310587211
4.11178576764674 0.270748499497093 0.89321879289403 5.22617555253666 1e-10 1e-10 1e-10 1e-10 0.0182453521001474 0.00110678201813748 11.9972290840519 12.9655441558622 14.8891753630128 7.86287539051668 10.9400410598126 13.5764441794356 5.63373367183948 5.69788811941032 8.17604425614274 6.22946337498276 0.450175617421064 0.119049121012398 0.295477157888793 0.996431359169884 0.0571709657743933 0.161201104323691 0.0126784754129704 0.0128266616917929 0.0192682172324834 0.0124417029841494
0.0238597218707845 0.277355477825485 0.014299265053123 8.56781050197146 1e-10 7.67829679856162 1e-10 1e-10 1e-10 0.000589577423592968 8.80340241245567 13.1134424729281 7.11827930796675 10.1654863172702 16.3285669096308 9.59198407215124 5.53242306568018 7.3150148730408 6.65325581896692 5.47761063968581 0.0214236156624054 0.119989476610648 0.0167276634422161 0.999999999968001 0.532505631143039 0.985868375082413 0.0117227976108754 0.0174812708729855 0.0132922063403188 0.0116832638389966
0.83354907067429 1.89601572991859 9.02763343061083 5.42451791584987 0.312652081301299 0.400960280439119 0.407375432163455 1e-10 1e-10 1e-10 8.36583714126245 10.90888897825 10.5373956958255 7.73644042119796 6.59336211350356 6.97600022901573 7.03744046663491 7.1459674059421 7.88449624788089 7.32730303206102 0.510116948306834 0.709296061619302 0.999999999999666 0.997567916679289 0.36138765155711 0.388683621841723 0.390657398804119 0.395422114045778 0.999989633417962 0.406709136652122
1e-10 6.57997279031501 1.00096505174173 13.7685997402935 1e-10 1e-10 4.50766169724709 1e-10 1e-10 1e-10 6.12810112945424 8.56669873394883 9.48966429371563 14.7907871609091 8.83724430609134 9.07831926994614 7.15154788534125 8.75078340226906 7.64788971305708 8.53243829512967 0.25496596889057 0.999999973209589 0.519180047173305 1 0.459312601449128 0.999999998716354 0.997423468927871 0.454073858000641 0.360457157327939 0.43925075259452
1.39465850341549 0.937702757112558 2.1098249162882 13.8403733340943 1e-10 1e-10 1e-10 1e-10 1e-10 1e-10 10.87802870942 10.4048811777716 11.8204283032383 14.8966164470607 10.2059959938033 11.5680021618402 7.56200309604669 8.69388279809458 6.04367087866707 9.11408540490987 0.55468123284246 0.452073910941444 0.67389628385393 1 0.435804645120285 0.641303956284272 0.195200709223883 0.31078207349979 0.16229384588103 0.999999988262219
0.328772096094751 1.42467601032432 1.68886072416486 16.884834106454 0.00514904064835957 1e-10 1e-10 0.0395537077852839 1e-10 0.021815071895531 12.238832940026 16.3746476466972 15.3216818022919 17.8322385367895 5.61241968383345 7.80665709822519 6.46781746461555 8.35765607294905 6.00249974916896 11.1684967312912 0.150771934480611 0.430599820993788 0.48017038637657 0.999996860610985 0.0214869669217439 0.0211850718564073 0.0251095674332812 0.0365576863309123 0.0231364306342732 0.0280158088151293
0.152540047301375 0.268543494396065 4.93783015932214 8.74590564627034 0.118477685393932 0.568198450061935 0.0814719241551619 1e-10 0.24048462598048 1e-10 6.00291964001739 6.60415587817083 7.34161792444312 10.2877716541385 5.81384597805114 8.07430654220752 6.20472903782411 8.36129913255824 6.84800155703759 7.51031082883934 0.28864294836631 0.324170293578448 0.999375300782871 0.999999999949167 0.279904321793252 0.41930827116664 0.272109839897391 0.452825820668602 0.315098732588381 0.99989275407923
0.530521685204313 6.80336019028379 5.94091346290748 0.0423945851325197 1e-10 1e-10 1e-10 1e-10 0.329893149958505 1e-10 14.7990364408982 8.76438287960882 8.08635123907986 11.838796079451 5.55220857788346 8.67909687601517 5.88729809552193 9.97208023496552 13.1711905890572 9.00291919065678 0.195498555945496 0.999999736362213 0.999957376233695 0.0203765510258652 0.0103911596413888 0.0122056017806222 0.0109959192735671 0.0112030283301039 0.135034110429645 0.999992506679458
0.0105500980879386 4.42390049473793 2.45054461646647 9.71653268533468 6.88048617185992 0.0364131436985013 0.0856752926001143 0.198061675619345 1e-10 1e-10 5.45908138981733 7.07460800003769 11.4201813959911 11.1355855032048 8.93445649329327 5.59672841593321 6.39172268062464 7.44537673066941 5.69438881653802 7.95172810420806 0.198435281262445 0.995494889770807 0.738950724795037 0.999999999999947 0.999999950528318 0.200652506283666 0.210502930045277 0.247135624633325 0.206873618756779 0.294219003292796
0.00532136540596622 1e-10 1.26434622307166 1.19320860789365 0.00650704340148978 0.0100715117580584 1e-10 1e-10 0.569675738763203 1e-10 6.53275934414479 5.84443089727418 15.5244240782727 15.7308238538334 5.98946494974643 6.45958273295619 8.7969791673229 12.5069165361614 14.2479257965823 6.79139212584269 0.0139484152382385 0.0128208519667007 0.379926521147019 0.364545199856706 0.0142026748719226 0.0156946398482675 0.0282796981676312 0.0977591456110016 0.212203614695713 0.0169614207539751
0.339243033257924 0.73251463288391 0.00614425845841971 13.1613039552562 0.0227331707649242 0.0163184295451388 0.000161766903726094 1e-10 1e-10 0.00316689613759095 13.4476810105463 14.7972698085077 7.99573738945449 14.2623420644036 8.51191322489885 8.43273191763513 5.49523147944613 5.77461388989685 12.270829673238 7.85383173610731 0.139747346573087 0.252436227238297 0.0127796096562772 1 0.0206200380552861 0.0174510446631025 0.0113602703993922 0.0114845993582365 0.0879014475219203 0.0117781524162054
0.264298517735124 19.0213953803602 9.65557040162016 9.35504656906819 0.000503769307063709 0.00419990228991142 1e-10 0.0162102075501512 1e-10 1e-10 16.8836553205328 20.890500740687 13.4997426198619 11.0542285853718 5.61840909347184 6.25510734697126 11.1501284221059 12.3664802889514 13.4133203371227 9.04241433209937 0.106062238480225 1 0.999999999999999 0.999999999999997 0.00692686052332403 0.00794013955317641 0.0321661247790278 0.0137401637160067 0.00744519842354829 0.00693882982348137
3.95320769985416 1.01531564697204 1e-10 11.3329219646194 1e-10 0.11219270536198 0.647471450452042 0.112136147210684 1e-10 1e-10 7.01697190833044 10.0481049534453 5.98742342366465 12.6480835039392 5.45540369820376 6.08716468900011 8.99586580918715 6.10244977374165 6.94883122472972 5.87011603654933 0.973243368459905 0.484510441375766 0.179376964832288 1 0.176630229546365 0.198643085966141 0.385252279353907 0.198625747659433 0.235903597979036 0.188160176736439
0.157127457728316 0.638473333047397 0.0356242722174002 10.3505734587462 1e-10 1e-10 1e-10 8.15990944556717 0.0208468211340329 0.00474359145232718 11.7896659034064 13.7484712775605 11.2984063921414 12.6316299224866 9.38962715251314 12.71913287818 11.5511670189216 11.547438729781 6.86644336517906 5.64619044480782 0.0861638432971168 0.243633385029582 0.0287966439170457 0.999999999999957 0.0481220996786629 0.0926516381917145 0.0620602569696138 0.999997191424441 0.0261311454220287 0.0197349427628187
5.36329468593253 0.0562195215596884 1.16015603016692 14.0632961003018 0.0801842932979341 1e-10 1e-10 0.0229046802259614 0.0112102552636539 0.245704156144759 7.88883217155078 8.85341438418019 16.685641643871 15.6986396366126 9.52282068512952 9.8833152606401 5.77210711866512 7.07696887648535 6.02922141470124 11.5878490910411 0.999294141734443 0.0443566764116917 0.375304309859128 1 0.0553332594997221 0.0251754821832616 0.0219350257590581 0.0283733006167691 0.0231961293050733 0.121425968343911
1e-10 5.258949942456 13.2027223064941 5.53618329117907 1e-10 1e-10 0.0196458520774472 1e-10 1e-10 0.00404983112274904 13.1359311811307 7.73693774571223 14.3176396944836 7.84206737211618 7.25403171167094 13.758677233516 7.27442395562538 8.67990486257675 10.5802112083283 7.5056248588993 0.209525582002341 0.99854560111977 1 0.999754163196104 0.0213051446922732 0.12776343193502 0.0269118241318852 0.0420049989960065 0.0428368879159682 0.0216511084384214
5.3703624839717 0.0318448212163163 7.31853304031537 11.483910984481 1e-10 1e-10 0.14463934804974 1e-10 0.00483028386637115 0.00251770749594047 7.71229425790776 8.61521832338359 9.13173592585807 12.7281658679806 10.6909357995178 8.91227277592473 10.9293845371441 7.80816641232342 6.05143667480175 5.67986762857109 0.999222351061872 0.0329434743618657 0.999999997547934 1 0.0598644694145259 0.0473252316565583 0.0831026940162707 0.0242202242983155 0.0215339424612144 0.0211551638302875
2.2328861003524 4.16601163371221 0.013679365190555 8.39140386239879 1e-10 0.00342153126441774 1.29781823275705 1e-10 0.0485152417316355 0.211418437283995 15.8912231648789 7.20185991586833 7.56932189464294 10.039151599544 5.58847377787199 5.53399552384131 16.0875526689533 6.20024159530773 8.51262815445892 11.5725959218327 0.565142264130001 0.937132708065702 0.0229273960391666 0.99999999800866 0.0197086812699826 0.0195157024343835 0.401027364801091 0.0222083118450944 0.0395329240469062 0.107159689238168
0.965067139536551 0.011986489832373 6.44863387916902 5.33933580724784 1e-10 1e-10 0.0442139604841549 0.0140990421478781 1e-10 1e-10 15.613925562754 6.98878499339957 8.48736933442571 7.66664597402467 14.7990735313127 11.7180640946513 9.24860617956516 7.0190095098866 10.054682798027 9.662351500648 0.310175260422706 0.0154775479690704 0.999373120038238 0.998739411831986 0.232830522779383 0.0162173831423428 0.0309633378105809 0.0165007166913494 0.999656281855708 0.034421300401612
1e-10 0.226599583379285 6.74969636940604 7.53145618743063 1e-10 0.00744539673673487 0.00709016813798179 0.00984129302134162 1e-10 1e-10 5.64084693154975 12.7343368741471 8.89376470660352 9.30805533361213 7.35989434238242 7.7005742543011 6.30472300226779 7.36366892983304 10.562106463014 15.4967235090862 0.0115873778006323 0.102408996263051 0.999997132739446 0.999985018333058 0.0118345263787687 0.0133770664473269 0.0132258945300145 0.0144378964574369 0.0233071672684325 0.324060056110149
1e-10 0.196477356718032 0.135009874139976 16.8767043502582 1e-10 0.103745965202806 1.02817160992624 0.55896274604291 0.00224386816828353 0.0640351236468693 5.56453294124482 8.76100318309732 11.2694885226609 17.7404869504336 11.7339017633053 7.61568494452747 12.1658649066861 11.0710215495023 5.46883532069708 6.73100045863619 0.0705141190773185 0.146817631181668 0.120162044335529 1 0.363898098884575 0.10632992962925 0.408692439730469 0.278541867260661 0.0705043540534498 0.08871918415007
1e-10 0.0258001848792584 12.4025643859826 8.64313556291209 0.0198479562501086 1e-10 1e-10 1e-10 0.0933988599647484 0.0562673346551472 8.66833134323926 8.10364211944855 13.565739128252 10.2299728795691 6.69229787331654 6.86437057585561 6.09963292519599 10.1728647930254 9.9734576426458 9.00901717800862 0.0474208088689173 0.0294099338821038 1 0.99999999998267 0.0283770560732055 0.0242408512830444 0.0254593491883742 0.072987483363623 0.0626676757425099 0.0458194211371129
1e-10 0.512426204432639 7.83433975706633 0.484643380108991 1e-10 0.0428592603053852 1e-10 0.061723220222466 1e-10 0.00653743607268256 5.57290101152634 13.0373441030596 9.55076052735236 11.7257191777191 7.77373740744454 8.04384695483862 5.43818120253475 8.69290953208468 5.88961842114823 5.69831850896219 0.0225943578168988 0.212005482913734 0.999999999525483 0.16995517190701 0.0351455507915528 0.0391754348772063 0.0220281040002828 0.0481222843797695 0.023970604290654 0.0230945573881348
1e-10 0.171929872056364 5.95662248704547 10.2742769544012 0.000835452798284359 0.0147086474625569 1e-10 0.0806459966538855 1e-10 1e-10 6.41546109071411 11.4384095936277 8.07871876853984 11.6462435454301 5.45018299839592 6.18870667549302 7.76838495949019 9.0965763290549 7.95907561346739 8.89196115702706 0.0283551401816637 0.0964675929407537 0.999946374331651 1 0.0233524816384343 0.0269723607474744 0.0391226997455227 0.0579216914094549 0.0415946103863153 0.0536843435924449
0.037703045000944 1e-10 7.39815750299343 7.41704935824302 1e-10 0.0582128573018436 0.033319263482302 0.0367013188146233 0.0308186144584418 0.176067438326658 9.06126912302749 7.50761779794339 9.1961528774336 9.21447018951854 5.45238700232917 9.8784650982474 8.72466339707131 8.95401975757375 8.50367459893772 12.1205651765865 0.028540690432403 0.0193683594441958 0.999999985571211 0.999999998121971 0.0121752508168612 0.0379413040175312 0.026457335187037 0.0280670604497811 0.0252541622042709 0.085283187193953
1e-10 6.77269203498595 0.0130211055812161 0.481016783750191 1e-10 1e-10 1e-10 1e-10 1e-10 1e-10 13.8163660088814 8.70233080591535 6.98956469860232 13.613506162197 14.4462519432634 14.6926666067627 5.46061702681566 7.97560775195839 12.4032176431296 5.76522426344251 0.258115266134778 0.999999878655299 0.0243757832828211 0.197537134547522 0.331028635123997 0.377528692701311 0.0211109994978183 0.0350912851990873 0.156557177153957 0.0221218952409722
0.898938185065652 5.32539949441209 1e-10 7.25273815925567 1e-10 0.0841391342779466 1e-10 1e-10 0.126806017178356 0.450801945778734 8.9350407109576 7.61893778594055 7.23728115331717 9.0609141934312 7.06305505704886 5.65225254811886 7.13371061353441 5.44721773845234 5.9017576321655 7.66751992136694 0.498616570145507 0.999942914996635 0.340737995012458 0.999999999078232 0.330566265889231 0.255810232930146 0.334617007093137 0.247299047902503 0.265883218220266 0.370915333720908
1.85516600824803 4.84164307643889 7.23302970112626 10.8476327359963 1e-10 1e-10 0.0834264578261687 1e-10 0.116597692074514 1e-10 10.2489122969788 7.3936585044621 9.05369409931509 12.1311543928137 5.56431704058173 6.55393116478361 5.58130873647784 7.0168765038315 5.73098297252178 6.87151776132977 0.705406572803152 0.999492759896908 0.99999999972772 1 0.302826774217376 0.358190258457376 0.304711984909142 0.389392321537676 0.310710616080324 0.981684573603119
0.00332782899205019 0.619875938027644 7.49932809628677 9.99554497070502 1e-10 0.163438697417168 1e-10 0.00565221329030917 0.0144579920562141 0.361529859959206 10.0112627463751 17.343098172721 9.48987863326436 11.4233432853631 5.63904029131707 13.792977320615 11.6927619207605 5.99642601049076 7.41772928056755 15.9893533001409 0.01207204218098 0.2230544537086 0.999999997940614 0.999999999999999 0.0117891311548802 0.0796580026180235 0.0127592808100085 0.0128020344997283 0.0167643914431562 0.147278535105184
0.0294053367695741 0.0536041240415518 7.01780546269618 11.5273626231232 1e-10 0.00638966078371903 0.00511857214280117 1e-10 1e-10 0.0120248631120312 8.68098927867383 9.01533192972408 8.9668941700953 12.8024811863256 11.0193579531476 5.72730780525232 5.93817998649919 8.98300032410841 10.3808111378529 6.53131028905672 0.029787996607803 0.0414270322372841 0.999996603027915 1 1 0.0195997883375624 0.0194185851125197 0.041745716667556 0.0585641328109336 0.0216606478985222
0.617918570527708 1e-10 5.85479274165348 7.83022330589567 0.00032226931837383 0.00238555419134618 1e-10 1e-10 0.00657525664828896 0.0984475127846309 14.9693063464493 6.4578401453802 8.00788603840298 9.70576282654605 7.18700895077423 6.75523366676155 5.86577413374765 10.2941446973771 6.40576497987192 11.409035822188 0.214358735924797 0.00837261427862912 0.999908041473842 0.999989018002995 0.00837200827365903 0.0086863488258343 0.00892317579305046 0.024092040945067 0.0102662010145121 0.0506411353078519
0.0246762477985991 0.0464580956095598 0.242297383706872 0.160137615436433 1e-10 0.0186766840574519 0.0024547637297635 1e-10 1e-10 1e-10 9.16252306382714 10.1434968796462 13.3729804850593 18.2675642452257 7.15290684627859 8.29582087624645 7.0568345182138 14.5672398850465 16.4069594864538 7.9196382493026 0.0189688605155148 0.0289181623154702 0.102026345038535 0.0733141383787341 0.0117186243089369 0.0160729705340258 0.00877019872109996 0.165801063557305 0.14375092541532 0.0146506734944558
0.00337948274565834 1.58207628652307 4.61816881645585 9.49843277306309 0.0250488807536577 0.696220079389668 1e-10 0.00713514383236434 1e-10 1e-10 5.70538253224947 16.2510627279644 7.29315188932874 11.6589643952976 8.18393169417295 14.0454685996396 11.5713764136401 10.0429436981358 11.9951847179891 6.0425604230987 0.0117674333034977 0.436923045882689 0.971991992043675 0.999999998274108 0.0217010597977029 0.114177203635591 0.0696838674676192 0.0130838909914979 0.0743041408285502 0.0112987093797411
0.00140281445151193 4.83052221828098 6.75941465651255 11.4227831457122 1e-10 0.000779827638097738 0.0689947192124896 0.0377409876863667 1e-10 0.0120426738801342 5.51672848961801 7.38328321087761 8.73214525462476 12.684952417003 5.86059143001617 5.70664062882088 10.5894511986721 9.14801846102098 10.9450405368578 7.04692207740734 0.0121533339627418 0.987356785056579 0.999999775225237 1 0.0127993614118637 0.0121098787781946 0.0425564827876589 0.0284585598649878 0.0543860486443634 0.0159863141108021
0.0212099233141271 1.13123910830768 2.96004503277948 9.16515019696658 0.0992571676297614 0.0602158778715271 0.0267406806122327 0.153614686487685 0.145040076506684 1e-10 7.77530726915926 14.4799185342327 9.030334108327 10.6763543664896 9.45869370294448 8.73830993316835 7.00640543869712 10.6728609947889 10.3249291289338 5.76902170665485 0.0305408422048552 0.37651088576015 0.741863509991415 0.999999999682301 0.0669782219910968 0.049191745271704 0.0331236124089058 0.0900057175096997 0.0864841650293549 0.0246171500097723
1e-10 0.0330757390408579 6.11902270983486 12.2549500424305 1e-10 0.0743063848662205 1e-10 0.0199577198084692 0.00380225869738727 0.0194083000269121 5.51009532201536 8.65812469639292 8.53919869428841 13.6359783841488 5.52640597045933 10.8827653682714 5.60109207872522 7.72354699239054 5.84176118123512 7.49327489122202 0.012484194663826 0.0264976014470303 0.999985615487417 1 0.012391388935211 0.0290861980748444 0.0127189753049076 0.0201067178837798 0.0129279142979264 0.0198358825101519
5.99463855937127 0.26456957734497 5.33531006895577 7.55929345846045 1e-10 1e-10 0.220410314652835 1e-10 1e-10 1e-10 8.27263679608884 6.21251926862323 7.77568942983145 9.31811046577024 8.03967776036765 9.51487155737033 6.20064107943121 9.40620209861198 8.91287687395766 6.93714182528615 0.999999138836749 0.392582028356687 0.982285901163072 0.999999999875694 0.999990843224416 0.637512957484189 0.38140668426498 0.999999999960687 0.580522671171267 0.989322948545912
1.14856521883463 6.4305980231564 4.63074575074619 12.7270131860364 0.0335815249988647 1e-10 1e-10 1e-10 0.429899479354459 1e-10 8.81018997932619 8.47680241352452 7.17965047280087 13.81465631545 5.48757080362852 7.62358590745784 8.17336024558516 8.66158334791312 6.973191795503 6.92918511728138 0.601683630758296 0.999999927990344 0.998427069935804 1 0.332166976771507 0.457807104762102 0.999997720013444 0.597156838273841 0.42428419483834 0.925365260108666
1e-10 0.010554431720785 8.82078733841766 12.7591845036759 1e-10 0.00710248751763718 0.622532262110004 0.0390030410896691 0.0351311730074337 0.0110637058422455 14.0140025875219 6.08154036531092 10.3768738260741 13.8862667766807 8.01451150596506 5.72706517468326 13.5499034404195 7.9577497927248 8.14733374358371 5.97382143844546 0.341452250034365 0.0236973232655976 0.999999999950342 1 0.0388094978452801 0.0225775378515309 0.243154081212784 0.0368392725511173 0.0349622998837182 0.0238851411469929
0.0328807533756044 5.46222753569445 9.7827958730614 7.17602637245574 1e-10 0.0584741240770489 1e-10 1e-10 0.0101947024583303 0.00807118123417317 8.91524874545426 7.7961945654355 11.2281661381234 9.02220286134995 6.30791096679061 10.2006048218759 7.01890654412744 5.56343969907062 7.06422985149652 6.44651559433257 0.0246100509951315 0.996737512054525 0.999999999999987 0.999999985660289 0.0113763484752319 0.0362147611855538 0.0105047513333869 0.0104517300298861 0.0135680067712139 0.0125782248117559
0.0131687069798797 0.0470719178491552 6.44509392570726 12.8271269605237 0.00236441790375009 0.00605869658914051 0.0011010282421977 1e-10 0.00395450557017427 0.0189337459631052 7.19698553627388 10.7231564957912 8.45053938021443 13.9555450426858 5.55113331055037 6.01154133524361 8.58895496122087 9.89258837590292 5.72725314730629 7.99558445851421 0.0161779154215264 0.0324051868541188 0.999631975737909 1 0.0118948220620144 0.0129913466993873 0.0117391296211463 0.0373245215711767 0.0122795786571201 0.0190065285613045
0.0667417296468697 1.00453922892121 10.85881120759 4.85058216537146 1e-10 1e-10 1e-10 0.607879942344166 0.0567326638882194 1e-10 5.66288534227484 9.66421146780198 12.1438242589628 7.35345474209984 5.84117204635309 5.56764273624786 6.14143381820147 8.86071869212876 5.61290796805974 9.84968651590914 0.20812190163957 0.49652745281843 1 0.999106599167545 0.21362214405994 0.204857740940549 0.210825706025686 0.389027259636241 0.206104032186039 0.519108307949445
0.196437208667948 0.392704701286993 6.73112593018011 5.61103974929756 1e-10 0.0423506305225402 0.103735241989397 0.0167413996034134 0.376650107580167 1e-10 11.0330221390562 12.5755552521832 8.94407121594781 8.29990951849348 13.8056039124254 8.03356297732052 9.79545149790994 7.44313358547628 12.7013962614357 10.3315995043622 0.104273799618776 0.173493354451368 0.999996006378256 0.99737153565166 0.281420145394846 0.0385893206608204 0.0666240716916957 0.0265373987335273 0.168205739624601 0.999999999997125
0.0773635666225491 1.36696442170191 8.70509416266918 13.2974306070643 1e-10 1e-10 1e-10 1e-10 0.0186183644383351 0.00279881057754718 9.53187972152318 14.316302946133 10.3158158647134 14.4010094933279 5.82941583534691 6.81117117691928 7.36315616529831 6.35139516567762 6.48367838415297 5.5645363201214 0.0556880714109581 0.424922274054597 0.999999999999368 1 0.0249589397989511 0.0244587165654612 0.0330615187065333 0.02607709870094 0.02852470783332 0.0233621695851789
0.106643275767156 1e-10 4.65101996795264 9.34828567581012 0.362155497554621 0.00651234606745902 0.0777404766934904 0.0625077565111665 0.0187968101710963 1e-10 6.29070958451179 7.86542801244617 7.18186787914753 10.8236780968735 8.7980282652443 5.44262409646501 5.92183843666052 5.77237311456559 5.47584220444888 5.43778936352422 0.175990851750389 0.250027200955962 0.994575583498501 0.999999999999999 0.274034556075422 0.152799928378385 0.166341994742801 0.161934283620982 0.1536057210557 0.15269853907631
0.0105091432936674 0.0507215559695125 5.5664950579948 7.1734450651436 1e-10 0.048476231910011 1e-10 0.733311110970726 1e-10 1e-10 8.0381753487418 9.67780659706582 8.13023920729969 9.08557051425955 7.16321845689403 9.54469558955263 9.88027027790184 14.6830223058263 6.37278514896521 13.7320778642848 0.0152159607663017 0.0344529210757981 0.994489034882146 0.999999985398084 0.017030678928464 0.0334297379039079 0.0303701955327014 0.254882164955442 0.0120809250262423 0.146293897966042
0.00132437581807609 1e-10 1.394816801851 9.73820295350867 0.654036138912449 0.0318008331485917 0.0165557698214446 1e-10 0.0719437343740489 0.156054195856641 5.5262018307155 10.3664999504316 14.7156319784937 11.28445418861 15.6252916447799 11.7942092992985 6.63821098203909 9.98025325851811 11.0801634641895 11.0450625880727 0.0198604212726559 0.069774583884184 0.422944652296019 1 0.248678421355848 0.0319442881284265 0.0246651066817989 0.0554842630905348 0.0507834023619381 0.0863829377892751
0.80088526371932 1e-10 1.93517921145025 7.15097798042973 1.10253508097999 0.883827731613543 0.0108581226924956 1e-10 1e-10 0.0298455716239669 9.7942120021956 12.1948208332158 11.6292539943638 8.99196817551181 10.4504040500823 10.0022140946451 6.1725076846118 6.88959512472567 5.86311213011226 5.78000287360172 0.419209520776328 0.662384693278862 0.65107963717964 0.99999997824395 0.495239795634707 0.441460263068181 0.161978219810376 0.210286217577871 0.173773306254491 0.163799819299914
12.4425074983751 0.591800542270457 9.19329997040374 12.3009086235577 1e-10 1e-10 1e-10 1e-10 0.0260371486595625 0.0211057279727333 13.6105650354034 13.5402590882064 10.7509456147988 13.4907764579709 8.91234067274972 7.46393594949891 5.8082495447482 14.0654897630114 7.60565755537085 7.953309038071 1 0.235578790262341 0.999999999993863 0.999999999952804 0.0488791890096576 0.0339604831730639 0.0238200521978889 0.201095164984667 0.031204990054636 0.0287272271276269
0.272752114686249 6.24725398755275 0.18540121715527 1.04330034523192 0.338901724113619 0.05400543358002 1e-10 1e-10 0.0146052743552251 1e-10 8.05001481225405 8.28538270244661 6.74869052476953 10.4753299728529 8.22842068232724 5.71106954978117 5.97446534530444 5.89576507247893 5.5742367904593 6.10917245189046 0.236974009071065 0.999999590137069 0.193541199121328 0.473199688656939 0.26217073276317 0.155355815716925 0.162829442426162 0.160757084446131 0.148616367762172 0.165720495577094
12.5005019595198 0.503426875758892 7.71158502582973 13.1564094159782 1e-10 1e-10 0.264306109804791 1e-10 0.739385207801419 1e-10 13.749154886674 9.0081501967352 9.54538705846712 14.3509643225797 7.32188640946917 6.14573003843466 7.92443105434728 7.45338503332661 9.93922581127298 5.75992051485666 1 0.339114567560391 0.999999998426195 1 0.246741851026169 0.194392748887414 0.254260435880672 0.259586371122609 0.411367091974815 0.183746753172408
0.00444515873764035 0.275730879623265 5.55439510058704 9.47708467732579 0.287678285777928 1e-10 1e-10 1e-10 1e-10 1e-10 5.67552536410056 11.8142135472023 7.7938924919899 10.9464114110826 11.8277231424153 7.58597662214042 8.29313670189541 6.5509940252429 14.6854899419689 5.46828489146326 0.0225999649126755 0.134283683999144 0.998361172190324 0.999999999999999 0.138488067549102 0.783691004229846 0.0422460025604197 0.0271775623643623 0.441909355138631 0.0221649020627217
0.00497865827401256 1.02913775839577 0.928037753850614 11.4545602980802 0.00718873136340775 0.0153210762533602 1e-10 0.00795185424495886 0.00141578032265454 1e-10 9.57375125238639 16.1698213986541 16.2120577673045 12.6995863027508 10.524163016179 8.14593930127339 10.3991741676058 8.17803075397502 10.1831790101644 14.5511018435167 0.0087262808111972 0.310884976196282 0.287910766191449 1 0.00973250910151635 0.013733364930426 0.0269031807867847 0.0100981833477876 0.00766021604471001 0.0738182884450665
0.262321381168593 5.25052802812347 6.01966380217311 11.0710036149298 1e-10 1e-10 0.177783815701614 1e-10 1e-10 1.69105177524378 6.44993439364476 7.71834593938693 8.12428402844619 12.3329348449644 5.48288340875148 6.32922718348876 5.96877742343144 5.52687117300365 7.46161396232742 9.91680065993654 0.349832388989572 0.999905823204668 0.999999283751156 1 0.299689851712044 0.336864751207994 0.325959861530294 0.298859653674662 0.99987789715519 0.681703589735556
0.575180948050681 6.20453841968087 10.5548464988282 8.72680497726617 1e-10 1e-10 0.00391352184768718 1e-10 0.000871094003709229 1e-10 14.1638002693394 9.03717467462085 12.1657588899196 10.4414395455266 5.82192976655021 6.20089302364029 5.97965734560935 9.24830087203173 5.47494135842544 6.9570039116464 0.212281139038347 0.99920323672435 0.999686740299447 0.999999999999615 0.0127907645889216 0.0141639370238406 0.0128076921284435 0.0175604586615424 0.0122588456352777 0.017137965335197
0.00553414573634659 0.0161593797051842 0.00612159871755056 23.3113645443755 0.0231292963179907 0.0313636851581406 1e-10 0.00957429853514985 0.0327476813062012 1e-10 5.7605029631232 13.9797039571647 6.60111346142536 25.1844059809202 7.63975568008 7.91595207034414 6.37224028793693 6.14736135508444 8.18492963888313 6.54924662991983 0.0176790689874926 0.0219380718768399 0.0178492719084244 1 0.0252758849239714 0.029285003324227 0.0198303343311441 0.0190597564238687 0.0299565728542179 0.0204657583424301
0.656411053122804 2.46818760409632 8.27980415409102 5.53026134414694 1e-10 1.17774509556637 4.75231360343464 1e-10 1e-10 0.478894629513441 7.85648300547667 10.9017202187651 9.89203337966488 7.74896629591533 7.3211199731874 9.57179488312872 7.22482932465206 7.06248886143189 6.24489797354692 7.34877902449863 0.467801320911893 0.780210808911359 0.999999999994122 0.999987450041289 0.415028548894268 0.591416689240578 0.998898279651461 0.392429936497283 0.345195791282644 0.416971714927576
0.96779015293973 1.89090229363385 6.39890187919754 6.70163446447497 0.081427743448651 1e-10 1.20648342830351 1e-10 1e-10 0.327193779085324 9.07784224574952 10.4757176855622 8.39684500313477 8.6271540777269 5.61804949907181 6.26569494149152 9.5122869558522 5.72902944301811 6.64584794910677 6.92216986828573 0.523581395614766 0.69411411156625 0.999998715066112 0.999999852792198 0.269293213525357 0.297339061451305 0.576328050108947 0.274354868061089 0.323054273043085 0.340916630763527
1e-10 1e-10 9.10076305118865 11.750256909732 1e-10 1e-10 0.0291726963839036 0.0034342317252539 0.0117340010680996 0.0793590597197971 6.45412692352939 5.81899921742702 10.6159725423392 13.0194888446748 5.48986712217145 10.6591881308122 7.19586719017388 5.52108190462861 5.99338410493912 9.45090357166643 0.0264741174386216 0.0228000187728528 0.999999999999794 1 0.0224923396171702 0.0800326562924913 0.03286055939503 0.0227234669334776 0.0250131000852747 0.0423112859804565
0.00607441025367891 0.596243252993715 5.40669636051766 10.0377138949378 1e-10 0.0913779805316981 1e-10 0.350131391441729 1e-10 1e-10 6.01668026012357 14.5718035766666 7.71229941531554 11.4999235315363 7.22306052602559 10.8514267745755 10.3134988699998 11.4522992565601 15.8884566845707 7.63211176668023 0.0128305423685509 0.216406050881775 0.999010470189789 0.999999999999999 0.0164360554093201 0.0513755203144474 0.0280207608181839 0.0529869579121012 0.413053988314232 0.996435817470938
0.0391605200004062 0.848326619357935 0.025715060677894 1.55841505320046 1e-10 1e-10 0.0125304062475187 1e-10 1e-10 0.0320772755023803 8.27606554958827 15.4298784439809 8.83788277943162 15.922870888767 9.00044034696957 12.1430426492856 6.3302922926995 12.5778670629442 9.7779940798362 8.39906750002249 0.0338526982534428 0.295414712507132 0.0273286700509615 0.449992009797223 0.0356481260262691 0.104361921113734 0.0211199239342852 0.142806966937691 0.999999999989996 0.0304232659061887
0.0602945415752115 0.000417504359351387 2.21621965106083 10.3961720372726 1e-10 1e-10 1e-10 0.0165700305971579 1e-10 0.013096474768627 12.5743816945336 7.11033244882704 15.9930878677721 12.0221726973736 11.5277728307516 7.75988137468196 6.32258744034312 11.715837266097 7.71702678880755 7.61002058199287 0.0347795259090858 0.00817905928701679 0.18228644249241 1 0.035529000434202 0.0131021585627211 0.00859231360949098 0.0149256178968697 0.0135009737361679 0.0132426932854579
0.0209199568956735 0.055735303055205 5.76512254946459 10.1250460020596 1e-10 0.0243403388526079 1e-10 0.0404737915156745 1e-10 1e-10 8.38229524252351 10.37876936826 8.00982942005012 11.517809903648 5.56588202380664 8.35574923484831 7.68758042313337 9.79703379014532 6.7697098953066 16.6294642424754 0.0195961216206596 0.0358541318906841 0.999856859471033 1 0.011224177271595 0.021272301348899 0.0174692735698604 0.0289438136125016 0.0128384018399244 1
1e-10 6.19322350396598 7.81357669940409 5.04754289890592 0.629559060672956 0.26217590487785 1e-10 0.576495335552109 0.402538128026494 1.02218864819233 7.70513543249737 8.23246397112746 9.50663359257988 7.41354355462554 7.86242232978714 6.48624575533067 9.23730694463501 7.7892697109673 7.0287958992069 8.99160422198857 0.406361341692371 0.9999996465406 0.999999999713379 0.999774805910671 0.45518633359156 0.344655063275485 0.59237997937196 0.440106684834014 0.388008578089961 0.553865573248568
0.0520959804856214 0.676503092293998 8.28405220046638 7.83723047518381 0.0509960208910036 1e-10 0.030234684489058 0.0110541311905927 1e-10 1e-10 8.7382792314853 13.7393275348614 9.93357580354624 9.63050216234873 8.76003851000083 9.64681348703059 7.46525872138382 6.19606773603699 6.3020310236562 6.65952794266581 0.0432394224139828 0.258379622116545 0.999999999994168 0.99999999977441 0.0396163299551807 0.0626369836360501 0.0327427122995817 0.0240270064619231 0.0254682837532534 0.0279389059960096
0.00718265653787411 0.170750524527956 0.0232720732801473 10.2306768328189 1e-10 0.00399113350754717 1e-10 1e-10 4.08850710616043 1e-10 6.39556265559124 12.0390395063659 18.8631545959009 15.355179560323 9.16265994428196 5.73619227428576 12.8848640869206 5.69793969444319 7.3860268301204 5.83988311201938 0.0136170884304466 0.0826480244246699 0.020183419016946 0.999999999788077 0.0121512669384607 0.0124865620534507 0.0188681039161854 0.0123638341514325 0.91347490386697 0.0127762664630972
1e-10 0.223989112241966 1.68219734442016 11.1431952821398 1.23708713048459 1e-10 0.0171132272002838 0.395314121202619 1e-10 1e-10 6.12449024443341 7.33365113821064 11.1019114347905 12.3986973921362 10.3948628467424 9.44744101437105 5.51278430197081 8.04575500148041 9.32793979715363 6.5727075616054 0.201449223323003 0.241036271975577 0.619971302311771 1 0.53303676802285 0.42203361645984 0.179549890153687 0.304075951096264 0.393371777627449 0.217978329492479
0.794075188211124 1.96479128062504 5.54899850397495 16.7238043471234 1e-10 0.0056948515615985 1e-10 0.0112609702490756 0.0164356678841015 1e-10 14.3630607607029 15.440708101399 7.8156839154996 25.9231981968121 8.03873947486939 16.015983534291 5.67283067091329 8.14545250877821 6.55580266721185 10.8447228791244 0.284456882450872 0.522603584738166 0.998331253956036 0.999999999995415 0.0312808946587697 0.0197251004834871 0.0188520861974483 0.0215356266346565 0.0237692824959017 0.06305712589838
0.464747849610468 2.0392819526112 15.2203365663493 9.32168279613599 0.507075154031328 6.09414081242697 1e-10 1e-10 0.0438305397993446 1e-10 8.17098637763427 11.5359862530224 16.1810152386854 10.8415819835021 8.94017216352632 8.18288209603064 9.96286490598415 10.4549540202125 5.64450275439294 9.15321245945595 0.339608821543088 0.684095888291655 1 1 0.353575152872013 0.999999116967117 0.486555207861232 0.52896753150798 0.198906623940706 0.417131395352402
8.29338019540715 0.462597194716488 5.63711797140942 6.92847863477154 0.0204469087429795 1e-10 0.0138147627066162 0.00430120326742649 1e-10 0.040493256357081 9.96070598534406 14.1457415050868 8.61979787027131 8.87440780171608 7.9811376359919 9.3974530614401 7.23129887531869 6.05220741525689 14.1677966771468 9.39754112702326 0.99999998236034 0.176682131538264 0.995797182070402 0.999999929709304 0.0190412277126096 0.999957230739485 0.0157711167465763 0.0115626536167837 0.031011876759667 0.028612894098876
1.31918134814504 6.8392191680256 4.66167083329953 12.799248718103 1e-10 1.15013021624701 1e-10 1e-10 0.0695029083940134 0.0574275993205728 10.2127950464207 8.74145334327735 7.17638926508884 13.9016522507395 6.45476723431144 9.91665028193555 7.50136781501443 7.45807598867118 5.65945567183836 5.62219185933662 0.572040037112627 0.999999983777736 0.997915895386031 1 0.250415157411747 0.536538137705186 0.299324987644431 0.306833047107907 0.219174412779008 0.216835775228175
0.267048592462121 0.00534035321392459 5.68052872075488 10.8507515262131 0.0157064296330828 1e-10 0.0109161702386103 1e-10 0.199344979894179 0.0423737926352265 13.2420503232846 9.97887444176126 7.90581897932546 12.3936943051439 9.37697956825734 6.87797918157237 11.2283809289469 6.29600531983956 12.4276102435199 9.30689052477305 0.116987626213023 0.0129945706174098 0.999811370023817 1 0.0176485424634424 0.0148857803358368 0.0146172097832664 0.0141416820687604 0.0933170989733509 0.0304884372731075
0.392341569269892 1.73971809960488 5.41935105565658 8.49667948539443 1e-10 0.310890656488492 1e-10 0.19954782928692 4.25137760162867 0.00365390001786722 6.96251226572503 9.85005849987404 7.6877519509479 10.0786129103255 9.66647396973396 6.57595989645548 5.47880396820284 6.06561947684747 6.96738416422048 5.45277143377077 0.393689858596189 0.691478912703931 0.999969217136864 0.999999999998403 0.66522202116926 0.368975710238537 0.306260535170125 0.336726578337383 0.993796068230119 0.304564791810191
0.609269099902499 2.56889102255982 2.72903250174126 10.3615974893578 1e-10 0.137971076545972 1e-10 0.414827690803623 0.00907692430824559 0.395690703962823 9.29528086001941 13.2334010548312 12.3846918333499 11.779345026004 5.9302245717589 7.16870850171668 9.18983819354094 8.57525381880176 5.4718695516249 8.69054372315121 0.353135372445195 0.727345185849598 0.744989902189763 1 0.159395989721384 0.182474582975926 0.999999984986382 0.288483669751685 0.146873106381838 0.281653198241355
0.264298517735124 19.0213953803602 9.65557040162016 9.35504656906819 0.000503769307063709 0.00419990228991142 1e-10 0.0162102075501512 1e-10 1e-10 16.8836553205328 20.890500740687 13.4997426198619 11.0542285853718 5.61840909347184 6.25510734697126 11.1501284221059 12.3664802889514 13.4133203371227 9.04241433209937 0.106062238480225 1 0.999999999999999 0.999999999999997 0.00692686052332403 0.00794013955317641 0.0321661247790278 0.0137401637160067 0.00744519842354829 0.00693882982348137
1e-10 1e-10 0.748647078931263 10.8022445275711 0.101344909716912 1e-10 0.0108196647497963 1e-10 0.0109708644869968 1e-10 11.9868387128087 15.006334225328 14.0926573505133 12.1277102317818 9.64345432407105 8.54423054157698 6.07217836244055 8.89615637599685 5.92970173438965 6.361233170745 0.120608526722331 0.419559704230744 0.280630616015153 1 0.0668781505566926 0.0444134811662964 0.0253516590932843 0.999999835203365 0.0252970714289555 0.0263823378364865
3.3582205413139 1.27569182655001 6.29962573563481 15.0665003889379 1e-10 0.122501424447351 1e-10 1e-10 0.0250247739107647 1e-10 7.11180816829712 10.0447034360842 8.33590673942606 16.0071882319735 5.68507271199613 6.01268354719696 8.47175497165026 5.63168945667447 5.55454897664692 5.47460976730009 0.912232697181764 0.568593061532274 0.999999761409899 1 0.222144181969197 0.242070451901281 0.401968746696674 0.228278887012227 0.222766262045536 0.222221633891174
1e-10 0.694056237943902 0.90717752944824 9.09777023282926 1e-10 0.00101176967629771 4.76909822209968 0.00391072342576734 0.0122475574424871 0.0759570803515752 7.18804517022884 14.9082455214489 15.1483370475776 11.9121797699229 7.19975863696967 7.90791376239982 7.39886187682332 6.68618913089221 6.74591320939413 10.8503272305734 0.0169425075521381 0.244131358974579 0.297748811323158 0.999950475529568 0.0157754511487247 0.0121374839456158 0.982851542582411 0.0126781921418078 0.0160944054904596 0.0455173944047402
1.38044355608387 0.148709600033353 4.93256959966221 9.0382075196827 1e-10 0.0092388654912457 1e-10 1e-10 0.143334742374515 1e-10 15.3446937870626 10.3998297512512 7.37344336610929 10.5777549058298 9.44504625772825 5.92720895811434 6.28968477085168 5.71354216033326 10.4315371950797 6.30385452416152 0.42988455684895 0.0880016854264021 0.9953600454502 0.999999500078255 0.0666421434928081 0.0256575339047731 0.0285609631228356 0.0253483354276656 0.0857152129135081 0.0286490092412834
1e-10 0.244095332431903 6.1398309285187 10.0278914537517 0.102655333301429 0.199518971186426 0.00895855862607895 0.000725054119474577 1e-10 1e-10 7.63436813677129 9.58340471782172 8.22010878859679 11.4352278541605 9.82716927267358 11.1280162971634 6.12388568812016 5.49787885799628 12.6298504151376 11.4155770548582 0.995767432434916 0.0718071690263185 0.999850745675217 0.999999999999998 0.0660761109453519 0.10539177092138 0.0231496369555282 0.0215245640990047 0.170978274953685 0.111258171498178
0.0730358767185691 5.03989494786456 0.0458881833762897 10.3129126373993 0.142099982706254 0.0361878694374546 1e-10 1e-10 0.0267693546621546 1e-10 9.02253433126073 7.46501767931358 8.38242297478107 11.7589884990237 10.4579843260724 7.74292824447539 5.53722860019368 6.00067914221574 7.42438391030587 9.53696354080926 0.0532216389449264 0.997226403777898 0.0394062266300608 1 0.0830367710298155 0.0357979450686688 0.0221869595446439 0.0241246878468349 0.0313546981715401 0.0599717341994391
0.0309304098921036 4.69169100485643 11.0552090106654 8.56229258484232 0.00463544444976775 1e-10 0.0505106347152217 1e-10 0.0068585185569701 1e-10 8.45254299519092 7.47819000336688 12.4219329989432 10.2647980848395 7.21766731930065 8.81169341078348 9.5006351327687 7.82601307580944 6.08833714318108 6.74754838510214 0.0255869839134498 0.980581049740668 1 0.999999999996976 0.0132965204403347 0.0285123351854794 0.0347686697068353 0.020113801917537 0.0140818316497385 0.0155727083657216
0.226802472615711 2.08404798900302 6.93530840313928 9.5979311867198 1e-10 1e-10 1e-10 0.193937507641731 0.0977650418790415 1e-10 6.6396417907614 10.6203240793069 8.83925512908655 11.0313547221167 5.45471772475592 7.57301948799482 7.97618131156426 6.31755974078242 5.71605049738693 7.88784146463673 0.302465850847413 0.717761839994921 0.999999997426925 1 0.254581738138886 0.999939312067342 0.393639424333861 0.292042389170787 0.265826490880659 0.39932501508789
1e-10 0.749156084592441 6.97290523729899 24.7679945925055 0.0014787057612803 0.00260282362988687 0.00290614652776831 1e-10 1e-10 1e-10 5.97125296763767 20.6864201063101 8.95307982393237 27.6502255330108 11.1391692199151 7.44564371492307 5.72547200059141 7.56609954563268 13.8214659082963 6.61625738784249 0.00943736916442883 0.249972991367352 0.999999927690895 1 0.00923010702450433 0.0094611363480045 0.0095413511132757 0.0121864397771325 0.106172955416837 0.010783950904653
1e-10 1e-10 0.843602606237929 6.05846087256644 1e-10 0.064339737115174 1e-10 1e-10 0.114149723597144 0.0125161044978882 6.00010413134805 6.21697205859785 13.7625456117452 8.17035070019216 6.12638109617077 8.65739411206772 6.18137221018474 13.5607210285636 9.87555686865326 6.00321148738635 0.0266182674517874 0.0278200485592573 0.306877645519309 0.996728861716415 0.0272678350834037 0.0509215781416769 0.0276358793761383 0.282029405351504 0.0732594053565447 0.0266338866757105
1e-10 10.1297242654131 2.73628634246108 8.77140069637045 13.434425296027 1e-10 0.0179364137666124 1e-10 1e-10 0.126337821552265 6.62984759853348 13.3853201397725 19.514684646465 11.2967012942624 15.569470000971 5.54451100282939 8.49994117332705 6.0663610903381 11.2282682779248 13.8090607532042 0.00746712549772266 1 0.59504125678295 0.999999999995533 1 0.00750260401729619 0.0150489183100225 0.00835459845024988 0.131392047901737 0.0599312398632454
0.0350938321935125 0.042720364350236 12.2175471972846 13.0159480824691 1e-10 0.0134782263663081 0.0246165516706571 1e-10 1e-10 0.00571251526613373 13.4470567581573 8.64725950893531 13.3908214868016 26.7249830168047 9.51213990350799 7.23765016480751 14.4402666239117 10.2144401304877 9.56490686237846 26.344552694209 0.0299178251524095 0.0335571471759066 1 0.999999934568492 0.0420995270900174 0.0194826851577795 0.0248344780814204 0.0489257161481639 0.0158059999205429 0.0164837524713726
0.533410311588169 4.31464606232493 6.21441517816003 13.9099014353413 0.0357795647689758 0.0682515116456286 1e-10 1e-10 0.274680976358393 0.0390376571965323 8.3579318933379 7.24130716465251 8.27713713669182 14.9380384436443 5.51455688954462 5.85079904567209 6.49275240301 5.46960318974587 7.06429876660766 5.52263240007414 0.37051716292702 0.991511897914809 0.999999552639942 1 0.209859390989815 0.215277410491348 0.220510084988066 0.208441284298805 0.282111395964724 0.210267109779094
1.70144289341171 1e-10 5.17991743301897 7.84314708982992 1.85037011853501 0.282212074689515 0.0895911724686695 1e-10 0.103414808899539 0.355769200724988 10.9954028862937 6.59937745449471 7.52934369600321 9.61010941144266 10.90176281241 7.21359820934935 5.86277505439749 8.15150987285546 5.93121023639864 7.7077115315846 0.635439750954089 0.226061008511833 0.999371348766738 0.999999995729868 0.659116652933422 0.279152088006375 0.213193817535647 0.344537374351602 0.21700967925182 0.305594781931485
1.43846168988278 7.1443139587839 5.54519493277046 0.552238353477846 1e-10 0.066676188298401 1e-10 1e-10 1e-10 0.00902857523858223 14.7543486171995 9.27642350898281 7.78634990564031 10.7301351170882 13.5097616303817 8.98092602115839 5.88582125115662 12.0089829279124 14.5965139752139 5.86691771951479 0.436259711286702 0.999998063923012 0.999673088665871 0.140614768038388 0.235406659733408 0.0500393684124992 0.0235315695417331 0.145671141314755 0.369918393329701 0.0232303275805861
0.00201795675398182 0.205802536904734 6.11517046996515 11.2557695209308 1e-10 0.00975909000648698 1e-10 0.00779007984564369 1e-10 1e-10 5.57873434526069 12.2980289672417 8.19336259615617 12.5272573363517 7.24670051911706 6.70706076256202 11.7995381357804 6.18457585188158 5.57703078513007 13.5569816195861 0.0126358991487051 0.0965163002472186 0.999936683187138 1 0.0176123458249934 0.0152742486689794 0.0674001371485594 0.014418226368114 0.0127858016895178 0.176347804517875
0.394409527508347 6.69419308784909 1.18432610284922 13.8672690115684 0.0245502285027139 1e-10 1e-10 0.00293820517769676 1e-10 1e-10 12.591507446592 9.06232007230249 14.7399878686139 16.1116428392528 7.7391383804733 6.91460323628203 7.57834633591404 5.52931009130585 10.2073458843339 13.7858515235049 0.173289254387526 0.999999742240903 0.382089449768813 1 0.0296658852414802 0.0290493882080691 0.0346505992238205 0.0215116929465442 0.0649148134816374 0.0270617725745573
4.84266504680618 4.53347815614433 6.97206546098025 13.0027736780283 0.618746196214724 1e-10 1e-10 1e-10 0.0391483955774512 1e-10 7.28927131578079 7.52952698546072 8.95597911237128 14.1263936965256 7.65080779176379 8.01759434754813 5.89325472090555 7.47909504029424 5.76980950801301 5.58649091756752 0.999341645949072 0.970445201274503 0.999999997674894 1 0.453539675854407 0.999994294936809 0.308444035158171 0.38128802279576 0.296218231194406 0.30141263443438
1.45304797265462 0.960222076079845 0.95482316082168 11.8839201319648 0.0878697672581144 1e-10 1e-10 1e-10 0.0123767580672238 0.502076543406022 14.7460555231935 14.1511728739262 13.2670452590063 13.0858801954186 9.46134409681722 6.56696642326529 9.7040512612237 6.12748588464282 6.04527780071173 12.7329405349042 0.440916430121527 0.333786252603755 0.294544638329861 1 0.0605977932268601 0.0277111240545694 0.0659397165223256 0.0258818415890238 0.0254696049827846 0.209009299948546
0.0428962521933989 0.194056580338126 7.26182062436632 6.99882592716569 1e-10 0.43217720960752 0.0794485906368701 1e-10 0.354861401776554 1e-10 8.27606307893959 11.2460846762935 9.93758342563747 8.90331334394094 9.49484931055799 12.8738918206288 9.3849836615617 9.34046148186964 14.8537162820134 6.99811453622785 0.0384093775618747 0.102709110047775 0.999999230518808 0.999998446515034 0.0259283147894371 0.185298955359179 0.0554190087041655 0.0432799257920372 0.157510360968641 0.0271454168226871
0.165022545513457 1.0230888045266 1.04886304981216 7.07385466045243 1e-10 1e-10 1e-10 0.0811976180078193 0.137380576850095 0.099884928561641 6.43366231817671 9.88785709426116 9.84048859095017 8.92056323497498 9.63631132662728 5.73333906051525 8.07368468525712 5.78007230889242 6.22499295230676 5.95428801821229 0.230435749453816 0.495971106261401 0.502073022798058 0.999999998616406 0.46329913491653 0.192359694900982 0.315770955644382 0.203864265661393 0.220868545877556 0.209009443655454
0.041249027958213 0.879247746202145 7.64359749656742 10.9785676706723 0.0589465699334609 0.0117426675270669 0.256227126019664 1e-10 0.00401115285877724 1e-10 7.79661709709537 14.0631986887987 9.46049313760228 12.2913234488775 8.6792114839663 6.02806826572699 11.7430496226843 8.88783685457224 5.57198186637735 6.18590557021315 0.0397186734521621 0.31564171762574 0.999999999629795 1 0.0481794605694873 0.0261394581943805 0.12900569174412 0.054093692550393 0.0240174655857877 0.0244414419107808
0.0359455657834117 0.0533118881696373 6.26938122131692 0.113682042251787 0.0441682471208334 0.00277701576473073 1e-10 0.402390463681106 1e-10 1e-10 9.0678115597709 10.1719998279889 10.7497837837936 13.909443927457 9.30808609680664 5.6173563950852 14.1366997703682 14.546002869372 9.42443475629752 5.9376644542327 0.0273338498496313 0.0353146057303159 0.999687013828339 0.0565710818487898 0.0311633042707102 0.0121271629503117 0.047385713764673 0.16025794493832 0.0302318320031479 0.0123251223370889
0.38028202061276 0.0615532900256193 7.79601914602804 10.6906065774351 0.0199498084143486 1e-10 0.0503640565073144 0.00318185959460833 0.00426927252704044 0.0238325885177027 13.7010239647949 14.3265778802563 9.53144697151101 12.0224157870135 10.5976902668209 9.81785318066331 11.4921143241697 5.85550362661216 5.84343895540947 8.25132012848315 0.153670703319421 0.0324361057785956 0.999999999883049 1 0.0196696409168094 0.0252278330472501 0.0340698024008756 0.0122789973773755 0.0125712089075396 0.0215767077345919
0.00948527453577546 0.121518497698344 0.944067204875488 12.6142203468976 17.7110481471218 1e-10 0.389535245253149 0.00690776897037286 0.0152571310213074 0.0240588116059741 7.60034518958856 10.5527939498371 15.8695320240974 13.7915194410439 18.6366307886455 6.96348841822976 13.5807327160419 6.13270127734738 6.56383571517095 8.60057605915262 0.0199364335006573 0.0703898786443948 0.320226763244376 1 1 0.0198126556433224 0.166713843734063 0.019035438503499 0.0223834198012294 0.0265660938710199
1e-10 0.00438265252871043 0.0258824989411744 9.84132792820096 1e-10 1e-10 0.0320192641767426 0.00779059246778747 1e-10 0.023358556475332 8.06715306321274 9.06897423853993 14.6917975083001 12.3107859400928 5.66254684022608 9.90948014723017 8.59222383244076 6.80708081165662 14.9786015732783 8.2915457653023 0.0218008152727239 0.0125755201762835 0.0225403458334202 0.999999999999985 0.0123020560943377 0.0136283749068101 0.025499569993029 0.0138449070867493 0.254977720672334 0.0213088100200877
1e-10 5.99413662449767 0.964797825239084 5.49416180320656 1e-10 1e-10 0.021955241494624 1e-10 0.0138811796637438 0.0147986057163576 7.99694249226607 8.11331703893119 15.2074538080791 7.74230082121986 7.77953947182365 12.1289978634779 7.82610804134199 7.14414305586845 7.06467369562618 7.05900968153942 0.0136918965426387 0.999971698249938 0.312932878731545 0.999497472526716 0.0159290566130391 0.0907064935011166 0.0210994243285133 0.0149565929681738 0.0171280819408545 0.017574174291368
0.286923557338864 0.621285364838993 7.24471457775286 0.408700706504913 0.0300230057881681 1e-10 0.0656246134372101 1e-10 0.0186704817178121 0.0234986780099193 11.9235817301751 13.6100827507571 9.07261965651064 11.4263501842493 7.84502002890731 10.8903186215181 8.89612177497646 7.17768351372168 6.59122409767733 6.89751263099801 0.137533375321238 0.24300576311169 0.999999995376539 0.0985059576952286 0.0326571025956648 0.10053261537091 0.0496131361068094 0.0309837094914449 0.0272698374297758 0.0295167928600071
0.00757510329210418 0.0199719421459317 0.0089547673383172 0.032543147569331 1e-10 0.103585231153983 1e-10 1e-10 1e-10 1e-10 6.44027701052078 15.9775063278455 7.39860969038871 19.9354860635177 9.97503159889667 19.1091019133963 6.71104069128612 10.51205069589 11.3084987080314 14.9092962216441 0.012056848776999 0.0180594488975883 0.0126885688006547 0.0240918941566275 0.0129143765473038 0.0543978270698909 0.0128534600874272 0.0228754680853869 0.0112424347087522 0.146320261447395
0.00332687353391149 0.129155589744649 19.542162290243 9.29306892662645 1e-10 1e-10 1e-10 1e-10 1e-10 1e-10 5.54215784568922 10.4822939056987 20.63017827143 11.4679229651591 9.27355971773333 6.32484108921636 9.8263731232686 8.26799868959604 6.83969598269644 9.51683953499151 0.0194509371164228 0.0748881202776789 1 0.999999999999991 0.042078947436321 0.020415912949405 0.0312998312163759 0.0353746337181218 0.0239080276946151 0.0444360698518486
0.0907685919365533 0.0102852888146026 8.61829933839676 11.5392707425633 18.8793294694526 0.0459827895023616 1e-10 0.00375902277464787 1e-10 1e-10 11.7993713006568 13.4884814890271 13.2750595428143 13.8314198574121 22.3365479338932 8.51347927782527 5.95580396996705 5.61161819016349 6.46365930199679 6.77613256703061 0.0566851119654554 0.0196104426552322 0.999999999955684 0.999999999999989 0.999999999761963 0.0365330056434231 0.0189177464573742 0.0175276042963536 0.0203821072537024 0.0194740323770151
1e-10 4.69928317007227 1.40682646373359 0.155539397259598 1e-10 1e-10 0.00110984839594973 1e-10 0.134016664329686 1e-10 6.18298994379207 7.25852614732337 14.7151080587609 10.4216235784133 5.46830265105948 10.4531097848736 5.44710129160946 7.10648868398533 10.218230875314 8.08164687517339 0.0275406316611039 0.986103275692123 0.434122558311423 0.0904154160225147 0.0238943626771074 0.0917783797505859 0.0238110371782205 0.0335009892405275 0.0815436119713382 0.0431766170541661
1e-10 0.529407306746658 0.0363383188801868 9.18529984718419 1e-10 1e-10 0.0130409452121021 0.022195361117295 0.00195636464991989 0.0272605007118946 11.5061011866809 13.1376477425907 9.87871939596956 10.7988216556885 7.39368606288962 9.22447151318169 6.19493108955915 7.42504154294713 5.47868848924625 7.16254929752469 0.094841009334516 0.215988709501274 0.0351901741951809 0.999999999999996 0.0320725304625 0.054083185696745 0.0247312986597623 0.0288153012453446 0.0216878659751361 0.0312162980089687
1e-10 0.589693446958789 7.76193624175759 10.3534160089778 1e-10 0.00943946220127476 1e-10 1.89310060140451 1e-10 1e-10 6.01619195423979 9.24049887178082 9.48619859104546 11.697691367181 10.3377319765232 5.46073299592507 7.35479725121937 11.396542064703 5.47811679392303 5.60279518899493 0.192227738174317 0.366076474696999 0.999999997517573 1 0.511889276255546 0.174875490037495 0.249633648291946 0.652064834237536 0.175516880209315 0.178172355428211
1e-10 0.0039443296370291 0.634781254755576 6.57263359938077 1e-10 0.00753654936893822 1e-10 0.0142107770855985 1e-10 0.112073398494858 6.76624876646263 10.1694399434925 13.6564123078011 8.55972624411234 5.57861701808946 5.93953974906581 11.0251541864848 6.48888389954886 8.23494406549502 10.3109029788834 0.0238556908448703 0.0195621066989681 0.242371301309648 0.999999474520488 0.019115861348399 0.0204271821263402 0.07302564148336 0.0230148512127999 0.0308992574893585 0.0677289413869679
1.3100877234008 5.0298590694967 9.31278770361458 6.74050835943525 1.93972914806618 1e-10 0.30904821621976 0.0750082796670586 0.439039300376935 1e-10 10.2711002532524 7.41543827966873 10.7788442561354 8.66056505573711 10.6882311169145 6.86903950152654 7.21622580382841 5.65241378674379 7.93604147671194 8.65576357214734 0.580641826871158 0.998547200100851 1 0.999993975059028 0.687306423192626 0.293326283575353 0.311012776367465 0.237731656073644 0.355148833172234 0.43725907171206
0.000486914129751846 1e-10 0.0646390230650575 25.1022389311995 0.201617828447115 0.0178525003185564 1e-10 1e-10 1e-10 0.910485285572399 15.2631193215607 16.4232394081338 19.3006329983136 26.2137232671225 16.2182545734466 8.4081204840617 10.3400189702182 8.85779048441778 11.6240131681173 18.92701381597 0.00853347138485083 0.0206019362935786 0.0369386908284486 1 0.0885357547367677 0.0158642838017161 0.0256919200027873 0.0109627470307674 0.0413314306459397 0.287440434134804
1.09702835807598 0.781213304685861 5.06651045821103 8.24075634618125 1e-10 0.071056252408692 1e-10 1e-10 0.0868502195922442 1e-10 8.97548968096098 8.34805831882665 7.46842150035808 9.87249956586894 5.58981444303482 5.55682380632035 5.67887909202702 9.48787305738415 5.59504060519111 7.02739419688736 0.573574706918367 0.49960325620604 0.999867743545228 0.999999999995923 0.301503579923182 0.303455589935291 0.309208923471552 0.621290082323458 0.305812141253049 0.995774284435521
1e-10 1e-10 11.4956920365397 6.83551371178464 1e-10 1e-10 0.100915896244523 1e-10 0.0178123666706433 0.215224785061425 6.03395383317416 6.95970290591592 12.7219552273865 8.75901857313569 6.42809844740385 7.48418937602198 6.12622511289971 7.00806819607949 5.47488368780365 7.35042232344661 0.176469076356295 0.200143531836682 1 0.999999987449925 0.189922362754137 0.231678016985087 0.179301704157616 0.21378256914796 0.159589325174212 0.222449137420799
0.0277602814089962 0.865889068784121 0.549760019850819 0.766223629710516 0.00840965891437929 1e-10 1e-10 1e-10 1e-10 1e-10 7.29473847257395 14.0998474541859 14.1197057652204 13.8805017022498 5.82213032131639 6.2131885792744 10.2634675401098 7.52612909999359 9.34227260719675 14.3618177852083 0.0309061869905985 0.307077001748979 0.221050010137941 0.281425778207589 0.0224248363274875 0.0242765025550468 0.072782369534384 0.0310573964852672 0.0541894693777804 0.307930182029978
2.41392303355098 0.016212515513876 2.54007224533031 9.26132052094971 1e-10 0.0176964441944123 1e-10 0.333580571731207 0.88498761241145 0.0150262325328439 13.4545786223585 5.67310828974794 13.520939214506 10.7513821109454 7.54340667109556 5.61404374785976 5.87384956486331 9.68096274028314 11.5990073348852 5.55830749045569 0.661958755727577 0.075281791908742 0.678062704789516 0.999999999991105 0.106117493252698 0.075568431745749 0.0783657314040631 0.204030092555305 0.376364908437809 0.0750675337945585
0.117398310182679 6.93745222892779 1e-10 8.98601931579028 1e-10 1e-10 1.38688865440944 1e-10 0.732062427086181 0.0152624883493523 6.00027609786033 8.81488792112372 5.54279703594482 10.4994566206338 9.72548682064429 5.76401647594619 10.5082198878527 5.54145902947228 9.16334973334312 5.45429118411857 0.236153446546592 0.999999396168172 0.219846007324064 0.999999999999995 0.526878573958563 0.22885845379921 0.588055432575765 0.220426189336698 0.435797755725681 0.217175052164772
1e-10 0.00361823139838299 6.61498073611793 12.3426388780727 1e-10 1e-10 1e-10 1e-10 1e-10 0.00675758196867081 10.1689462682305 11.6773549671612 8.60945841673147 13.5335988913538 12.3454196608477 15.2397760482136 6.05904692275612 8.60804183027033 5.85701162042493 8.12989636662228 0.999999729218988 0.0115545969248113 0.999999342102571 1 0.0766621774003561 0.242221228500539 0.0112945541337103 0.0218679824842944 0.0115154645811932 0.0127385342409089
0.00444272797047403 0.0769461482210939 9.84700724685634 12.2374027557517 1e-10 1e-10 0.220338314067822 1e-10 0.0102257887827994 0.0111022088593818 5.86941724724493 10.4499441315043 11.3038601896369 13.4337776983428 7.19456570458881 15.7962084674871 12.6011477518496 7.94358741278141 6.47977321215903 6.71551028963443 0.0132728363236301 0.0464277713921538 1 1 0.0183275022042129 0.3841700450422 0.101750289129445 0.0205913001469045 0.0155270126071446 0.0159297155435315
0.171316403977368 0.853034212625778 5.90529508828797 12.8133223143196 1e-10 1e-10 1e-10 1e-10 0.210181408044007 1e-10 7.49654995437692 10.6355340939265 8.11167476800113 13.9552343687947 11.0070235741102 6.28499517341328 7.24011093601573 5.72080095902953 7.73972270855297 6.5382217790446 0.180656001056347 0.410301359684998 0.999995478892614 1 0.48719494583633 0.143880340420824 0.186092916398991 0.128106224791513 0.196564658859861 0.136002433675235
0.00359180889226855 0.0646782783476628 0.108736162452301 12.9516961316246 1e-10 0.000494351101759772 1e-10 0.00264199114804121 1e-10 0.0834854524218938 14.0680709665026 11.8121989490688 15.9356472693685 14.1225093605183 12.9928533473798 6.38371498508402 17.9552272140263 13.2025829412566 6.17399466392681 11.7900701518725 0.00815480476328512 0.0357705886909052 0.0531980476486665 1 0.0833751511986699 0.00742123389220906 0.172825106750668 0.00786029145309586 0.00837886444392077 0.0433886970560544
1e-10 0.47599543043869 5.95212049199962 13.1183356339313 0.196248566956125 1e-10 0.402016771749349 1e-10 0.563383661386017 1e-10 10.3712245446754 8.87453773479991 8.08176221123931 14.2010218222419 6.98681048294901 7.98000994195668 8.25516902225059 11.3318265517118 10.2027954770788 6.47821504271186 0.500164489621937 0.323906902391512 0.999994964927465 1 0.221445867573858 0.278103921537176 0.298336040466266 0.557936068589448 0.352572944388857 0.176594252252474
0.0531102691369194 1e-10 0.0208009282622149 9.57599280196482 0.211050479285114 0.00384756787299837 0.0205880594498809 1e-10 1e-10 1e-10 10.3400685530889 8.18406107690699 7.77373882432059 11.0792378848828 12.8432821188716 5.94568361974378 7.99619081674676 8.54806801996437 6.5908411914467 8.47207552345938 0.0352464335778946 0.0169989430957246 0.0199991143495212 0.999999999970503 0.0966317016540751 0.0123117882570446 0.0198939449734166 0.999975231640845 0.0122118111233763 0.0186482140969902
0.128546405193163 0.114031253453566 6.97198679000345 11.9254684363629 0.566681725919746 0.0439502894119003 0.0553955419005328 1e-10 1e-10 0.00506687963858141 11.5658113755887 9.93538903723358 9.15193544201108 13.1967096366133 13.1308902465594 8.10807386323395 8.53229599759488 6.92682075439735 5.46666875319586 5.91770871724586 0.0774486348976657 0.0578759313986408 0.999999969735127 1 0.227744440283718 0.0396112653299548 0.0450783931145474 0.0263582724886122 0.0220395981710341 0.0226452536646102
1e-10 0.864033954615245 0.822432540757761 10.3359970611126 1e-10 1e-10 1e-10 1e-10 0.00545685860722934 0.00506204971647733 9.82687561704101 14.6057297933752 14.5674747404664 12.2312415476344 7.95299120960269 9.55039996779269 11.9850963800918 5.65378936551444 6.77556745590936 5.7288693730578 0.0266774549055118 0.295750018501722 0.285330649548555 0.999999999999985 0.0248005338863314 0.0213640228992054 0.0968454688187194 0.0155159165510207 0.0163551912499773 0.0162416693165577
1e-10 6.91877593567344 8.08006133413723 6.33621997770154 1e-10 1e-10 1e-10 0.00608921274619816 0.214411603101603 0.00214942431583867 7.73287910826819 9.04429657619094 9.77734017462883 8.37576591286723 6.04114166187667 9.50954592712004 5.48483921910515 7.24423523309304 12.6814870247177 6.37640331491489 0.0164041509109504 0.999973776765475 0.999899748536319 0.99999657405617 0.012334661784271 0.0308643645208219 0.0116779026467885 0.012943240989821 0.0982978306131553 0.0118531085891209
0.0998300674275665 0.184680062965575 4.95552704151138 10.5419748474563 1e-10 1e-10 1e-10 0.0548497005530613 0.0123994922777206 1e-10 9.58859083625379 11.4440770138584 7.39127503699417 12.1220485931607 6.12373376394751 14.0951881706516 13.3009081277958 8.57280052891229 6.98384077528283 5.53839478749315 0.0648216376123685 0.0995783789820266 0.995647154355756 1 0.0223112482879408 0.306007707851996 0.236130781943773 0.0444577501717169 0.0244457680926109 0.0218896712990746
0.0337578960384841 1.59476583075146 0.112902533094345 14.1198846300273 0.0286054938811059 1e-10 1e-10 0.0081742563777145 0.0154001968065095 1e-10 8.59294717313467 15.7827725856548 11.7755365432054 15.1420639620496 9.61665282319708 5.82327203290361 5.80463068076781 6.65596326589446 8.86018938464878 10.5248754055403 0.0270987535122685 0.44347210771131 0.061502903701647 1 0.024613625847786 0.013419099005174 0.0127314713932239 0.0148036817197346 0.0181446355486866 0.0441053228581177
0.0150139222884256 0.0594491260119305 6.36092960693054 11.0800051477106 1e-10 1e-10 0.0378143028046813 1e-10 1e-10 1e-10 6.30084839061217 8.6754978683312 8.42635760826321 12.3677855408171 12.7675610536923 7.81745316668714 7.94159930427715 11.7823081322823 6.25951780155451 5.52136363506582 0.0257344940758955 0.0467483854098405 0.999995812950815 1 0.177655119290242 0.0370172451109279 0.0364319357198127 0.126339783434751 0.0253940116856262 0.021942575837769
0.081450644585263 1.27980177271421 0.444314232974248 0.479999725112233 1e-10 1e-10 1e-10 1e-10 1e-10 1e-10 10.72509308487 15.5921346974637 13.7360749563522 14.2000405592141 7.56377243258759 6.20470396003015 6.64406921255681 13.7300926953623 5.64169311939149 5.51305877466398 0.0485795440905626 0.383264840622022 0.175505866348777 0.186048141842533 0.019809465517597 0.0128923533836082 0.0164382634028881 0.170820464844152 0.0128708400148255 0.0128838583491729
0.405636746501995 0.0364354275265954 1.33197700826157 15.1122824016488 1e-10 1e-10 0.12455533216288 1e-10 1e-10 1e-10 12.7755502041729 7.850038657408 14.7815347197206 16.1285940601138 6.85335439994209 8.06945437063417 10.1748150696621 11.269962652163 7.21321864093404 7.19412220292284 0.178197362733179 0.0361219533209393 0.415079283435876 0.999999822959083 0.0222657294016251 0.0322547074832673 0.0758995934007692 0.999999999999999 0.0327714895840856 0.0322570906906329
1e-10 0.0203863167966253 0.191592554045331 9.2445541155312 1e-10 0.0152360746842133 1e-10 1e-10 1e-10 0.0606876799746047 7.04830865433745 6.55427345084603 10.8251845953378 10.7483089630984 5.5989629989263 6.18232543298862 5.66377144344956 5.51478137010809 12.7989816478833 8.53076549294566 0.0341748041947526 0.0300588171261975 0.10458348061238 0.999999999999787 0.0242468293434899 0.0278369581180127 0.0247266149197312 0.024388559759016 0.213523244859513 0.0493255614336749
