0.0302059317254688 0.0701537357336592 0.0916989940932898 0.290243957288794 -0.0359997416300008 0.0756434020352106 0.0184238847270329 0.0139833602241771 0.059471387256639 -0.0439115066289856 0.0349455976043203 0.0452381619411769 0.0356769617994322 0.0290648289915837 0.0556605142921869 0.0731003757124282 0.0335425611344625 0.0358188250650177 0.0361494451081131 0.045919228850251 0.389682526307163 0.124467631137254 0.011805101365389 3.05304440586531e-16 0.519424690261149 0.303540348415582 0.584181232647329 0.697169649511476 0.10342652015889 0.341493922672427
0.0680821994171323 0.209379671071645 0.105981043156793 0.337028407903926 -0.0691122092950863 0.0170530309243612 0.0629054507464031 0.00832560777685679 -0.213889064070669 0.00163710676252035 0.0607850629969063 0.0609055935206775 0.0381998987604546 0.0447204093406407 0.0415137804550633 0.0535809311175115 0.0419121313611143 0.0723899815580649 0.0422563948041766 0.0507536829001365 0.265673314024334 0.00089007107989357 0.00672480009998205 3.64190265387583e-11 0.0994300988932948 0.751019926760474 0.136884545495767 0.90869300940546 2.18710492660506e-06 0.974339387868629
0.113162634389748 0.105974797241813 0.131018562884496 0.254908497140642 0.023394842733628 -0.0451560613023787 -0.0233326930558472 -0.00521990308534294 -0.0704214799966315 0.0502524858071946 0.0325320027185979 0.0454066345761198 0.0236134168943933 0.0545183105371709 0.0396271112132814 0.03300386655588 0.04263395067378 0.0302337749129934 0.0660898945381864 0.0499223431848327 0.000778996163517128 0.0218274936293748 2.86950955056762e-07 1.02493918920917e-05 0.556419015371266 0.174654013011594 0.585541201611647 0.863313133622704 0.289481506845266 0.316819445723218
-0.0685105250801119 0.102726879016197 0.180887468372675 0.289418440581784 -0.0546584490079245 0.0388015899539408 0.0605060211529016 -0.0777174846733642 -0.0158356790817604 0.0199895617233775 0.0534380608474816 0.03183276501331 0.0283818399501675 0.0515346327493243 0.0521186020034644 0.0301734865501733 0.0444031194000196 0.0317805136667234 0.073448262429661 0.0553031031695744 0.203116097094989 0.00174490620597932 7.72461651661648e-09 2.15082154982208e-07 0.297109569029715 0.20175923832684 0.176392108112943 0.0164137650631384 0.829784939836804 0.718606800263805
0.0998705674357569 0.0521111876375385 0.273558905786196 0.316692010448625 0.0299150277182559 -0.00697992258725034 0.00277502999255993 0.100726651064152 0.24734634997174 0.283660486266597 0.0289613484539217 0.0328568204221919 0.0425376734740436 0.0490659698905474 0.0433805448168116 0.0359930672909446 0.0358125488674955 0.0556040726988151 0.0517937470497649 0.0600137220554173 0.000859708674823954 0.116244911574076 5.96030997059215e-09 5.36270043435663e-09 0.492222840068949 0.846672352110636 0.938407630566022 0.0733994920870725 6.91286462105589e-06 8.38998203032284e-06
0.112411800711574 0.0311939837835246 0.184269434108568 0.338514707963594 -0.0359974928756086 0.106168995526725 0.00809032733353633 0.0443174272942086 0.0623263927070222 -0.116292544484321 0.0377122563843985 0.0285449344874215 0.0373495078080616 0.0378108564643808 0.037642956993822 0.0359226948431833 0.0287481588350933 0.0268533643369952 0.0329466856789704 0.0293677171669117 0.00369738257062313 0.277396927000023 3.67604275620526e-06 4.31521785399397e-14 0.341488646122926 0.0039847327034071 0.77903375697768 0.102357308240605 0.0617419017731756 0.000149693087033282
-0.00594494385296491 0.134079202310438 0.122712079047294 0.469802368381764 0.012814004006876 0.0496795063076721 -0.111067378439917 0.0396514236623304 0.0134169069991907 0.055377911756496 0.0456397301513482 0.0451489049421532 0.0327642569916644 0.0255580649099579 0.0302336515885444 0.0365711488590516 0.0563246731627021 0.0405686895339489 0.0283009358202584 0.0325410116477563 0.896652941269823 0.00382066209675174 0.00031743900353608 3.19624528893246e-32 0.672699240861071 0.177721187837811 0.0516900891713244 0.330996116490664 0.636591019716932 0.0922472581246478
-0.0186212874838322 0.0688887684047859 0.0311106553000065 0.160624018402739 0.0384087749835093 -0.0748121421108709 0.0892713240476043 -0.0556469833786033 0.239636477830104 -0.0379453045920852 0.0457090750576578 0.0381881746135855 0.0535185051738494 0.0511113071993889 0.0577750937169882 0.0652827245329979 0.0658070939318324 0.0570666554775453 0.0460677805766801 0.0390445278196598 0.684691069917806 0.0745879225515723 0.562486943205704 0.00226735916127133 0.507879507380828 0.254844830768594 0.178313962600766 0.332113172264004 1.22984696491734e-06 0.333731421965552
0.094392831342691 0.0537452772905946 0.161706879933859 0.318302683888399 -0.00759390051544748 -0.145348467987213 0.00685247624611637 0.021085319288111 0.0241627538722412 -0.0448523774644496 0.0284291681028154 0.0268889113593012 0.0603711643481195 0.0653392650053214 0.0301788264050383 0.0591087403836097 0.0407787898228018 0.0394568755625939 0.0795292631553366 0.0566395717448854 0.00129999023759953 0.048648282177448 0.00879013559647988 4.71758659607389e-06 0.801900690358574 0.0158451235144916 0.866928689905003 0.5943901014191 0.761964666677614 0.430506371719633
-0.01840930145767 0.132689074746942 -0.00213467403445491 0.269509777641375 -0.0781342717711624 0.395646362407984 0.0143074109246965 0.00140094456279892 0.00490788858422032 0.0137026860444954 0.0496328036408793 0.0364018618779673 0.0596432041784554 0.0374397856098962 0.0423890447866678 0.0565213226347191 0.0450710493873798 0.0426913970234241 0.025301392727366 0.0358098598149765 0.711576218614469 0.00044688475251528 0.971528485359398 1.76750053475384e-10 0.0685815995965509 4.43698213117546e-10 0.751644083675405 0.973894291167203 0.846631030866148 0.702880597733944
0.0145774101910047 0.0915269931127875 0.18137052610196 0.16339452416129 -0.0269098124095654 0.018245653346992 0.0372093949568851 -0.0702640764127535 -0.276926850421688 -0.0146699569197636 0.0386622367190684 0.0466205636296692 0.0377879811218998 0.0801325447540925 0.0567167710319984 0.0475731764425015 0.0530600269915314 0.0606517906497821 0.0718011634385822 0.0425240366477745 0.707027599152957 0.0527065662912513 6.28287740855599e-06 0.0443778696007303 0.63632144478584 0.702232679710088 0.484943977375416 0.249731738721137 0.000215443279914354 0.730914065149358
0.0869472006359745 0.117571776227783 0.0855079038733266 0.253813904626641 -0.127711077514938 -0.191614183996742 0.044683024479884 0.00317340668454969 -0.0525180671921325 -0.0273000783367707 0.0445142063541387 0.0442527585760363 0.0567781198916473 0.0425825187130464 0.093842123659322 0.0422746829552869 0.0473093617729519 0.0513550388230492 0.0506972916230652 0.0445034126730718 0.0538967975200386 0.00933196201100408 0.135568764985142 4.83139837730136e-08 0.17693891359365 1.786853822575e-05 0.347450107679844 0.950864316678792 0.303017349282697 0.541134133967647
0.0277152933830439 0.109634055730395 0.0826478508363717 0.2693072645957 -0.109639850811887 -0.0540798353609991 -0.138608904875356 -0.174536535478232 -0.00216412323336407 -0.170744680329558 0.0604758718803547 0.0845554124959583 0.0519303363836986 0.0595844384727312 0.0584534184450199 0.0386038054835775 0.0587464544715305 0.0717206823791873 0.0585462155089583 0.0539040496952943 0.647851089602961 0.198085456251055 0.115000491428389 1.87739796675438e-05 0.0639411133746233 0.164684413175805 0.0204647456740137 0.0169272174849151 0.970595291172626 0.0020996232924446
0.0332479335897517 0.119404043293789 0.178312264717851 0.346155928289419 0.0113132762608641 -0.00678343115354068 0.0183103031549358 0.0509259401214991 -0.00520603013991279 0.0212171300947301 0.0589371780047553 0.0378241033941168 0.0489091539282927 0.0301373104804197 0.0309157058451062 0.0298097419110397 0.0363154145089971 0.0342675452870462 0.0370818458176673 0.0717619612776222 0.57407222887917 0.00217041772503675 0.000445876502767122 2.48210109163947e-19 0.715269013369766 0.820506391335658 0.615351591747954 0.140740155679372 0.888663251431157 0.768170935732455
-0.00894448507204178 -0.00862005782731045 0.228470602752551 0.217960516064009 0.0659511315834127 0.0519110698098952 0.0504699990877797 -0.00895179821958033 0.0477526138321825 -0.146204508827554 0.0553202026102612 0.0362553868714278 0.0633626669356984 0.039073081644686 0.0556770968285677 0.0665439579403213 0.0391120312239611 0.0297035236940167 0.0426756846549634 0.0410623385851935 0.871915798862469 0.812608171585059 0.000510329732111695 2.52715452639963e-07 0.23932246020371 0.437377697189038 0.200218678594308 0.763826366499894 0.266132519524869 0.000593730975220517
0.119191891061909 0.084428346665239 0.285489429871852 0.127971316789452 -0.0128922487109024 0.0670507756573988 -0.0214477495787341 -0.0720475030193153 -0.0183582529205495 -0.206486859957566 0.0409372896849385 0.0389011104400599 0.0548262367020887 0.0418761459133978 0.0418244984481268 0.0441527528589286 0.0604541239812439 0.0471756379900929 0.0400599267266289 0.0582023061601313 0.00453309370176115 0.0326146833215393 1.20295903062244e-06 0.00295250879470885 0.758607196182833 0.132366063633249 0.723586443520268 0.130213615750783 0.647863280165737 0.000619604886167934
0.115568709024849 0.210806242849127 0.199644524468713 0.240246147175629 0.20019243718949 -0.00708775995416806 0.0750952228919837 0.0963469370296508 -0.0428118148015951 -0.0457428292714628 0.0727009416108598 0.062364704244984 0.0622850984219048 0.0422900405262431 0.0445541707471115 0.0582157534962103 0.0561989259063651 0.044677711543644 0.039320497164164 0.0744760787095931 0.115421641962843 0.00107270698050365 0.00186747034678199 1.62787028035954e-07 2.07868932393694e-05 0.903368553815872 0.184839715627963 0.0337117810960414 0.279152870670873 0.540636039047502
-0.0308386056841283 0.018551096392053 0.239714193362926 0.0942622549358954 0.0416251602585262 0.02349553935695 -0.0236841503635847 -0.0666891640613627 0.0285953249008225 -0.0539905956139413 0.0288436252818684 0.0377109445199966 0.0734715396345298 0.0486930968381179 0.0387323390553795 0.0609893645049879 0.0325385029401236 0.0322476165791114 0.0281263930044554 0.0333219520568346 0.287854355283977 0.623967479164738 0.00156035999029232 0.0560254095123587 0.285387434085106 0.700968624094496 0.468576051806524 0.0415068764739284 0.312034662528155 0.108672827667131
0.0600389822247419 0.0903124907982331 -0.0150955146940083 0.292750950483791 -0.00181645701299672 0.0892198067256087 -0.00229709490300906 0.0124887444360187 -0.138655841557146 0.0418234510901618 0.0384909839441988 0.0425870463176334 0.0454941035733233 0.0380358580421595 0.0512514957202802 0.0510623417870772 0.0534191320102281 0.0316686040999009 0.0554185911779131 0.0339038750217831 0.122312227123188 0.0367012979048122 0.74080227346571 1.71202211229024e-11 0.971805761533414 0.0840011752180623 0.965795715434809 0.694250195165546 0.0141572507029296 0.220567994571241
0.17295327500538 0.278188889248576 0.20632452702341 0.227738214634343 -0.0258816769515092 -0.0297481874901335 -0.0138040036123854 0.0718592550415784 -0.111407894220061 0.0994092382815449 0.0371838972428084 0.0227299095876722 0.0322616609767779 0.0435488954312695 0.0381449618249706 0.0477215503221469 0.0379240970922929 0.0431576223944061 0.0363937077651793 0.0291983664393632 1.12740710903412e-05 7.43826219771184e-21 6.99740049250051e-09 1.09676726882499e-06 0.4991903561341 0.534617960772191 0.716718965085813 0.0993819887587524 0.00290618330313291 0.000991352940926866
0.077882779993466 0.0861957898255873 0.0346757210739668 0.0718526115446145 0.00939415200154339 0.128430694356434 0.0698232002491392 0.0410565944752176 -0.0609396939470273 0.00698411216633595 0.0295641642526433 0.0777004116867641 0.0608344389500372 0.0690986054029448 0.0569076374499817 0.0709377326130134 0.0477068771719813 0.0422462388284593 0.049548278577506 0.0476557471984547 0.00992389042568104 0.270241097340836 0.570096854986635 0.301192232188281 0.869253458762125 0.0735598141783226 0.146790572957251 0.333734738287189 0.221937875795042 0.883812307839287
0.02895647716247 0.119173917556581 0.123835074561712 0.230269744594747 -0.0153689287210497 -0.0625769534328899 -0.0600963409879619 0.109458944036784 0.0981940351801853 0.0808377785360008 0.04417105758353 0.036110209584734 0.0438999187101151 0.0504830874173398 0.0386848285301118 0.0383554398093069 0.0465330391926762 0.0377328989098938 0.053067771326308 0.0762854658771911 0.513783935179829 0.00138538198817466 0.00589233006810618 1.59935066595361e-05 0.692097432020475 0.106279063914031 0.199845405169934 0.00467662907271772 0.0675437883266434 0.292128258918374
0.107498033927101 0.0761198694678009 0.177064105161395 0.353381269318556 0.0557683621968785 0.14955774785919 -0.00623678321284729 0.012083879564969 0.0476460191980921 0.189127608919865 0.0383661638855976 0.0391173346087675 0.0460827633666342 0.0415410076785107 0.0454677405092558 0.0383993217905351 0.0406215332838896 0.0411531827825148 0.0420976913435007 0.0622044338482423 0.00621974555565731 0.0547823492644363 0.00022670546720139 3.64812374065519e-13 0.223191809398747 0.000188532288784308 0.878320975687106 0.769715396553868 0.26072661812865 0.00309390016067086
-0.0528943323385552 0.0790585093907384 0.250756979710522 0.189888569102151 -0.0642063117142887 -0.076423537123579 0.145773104652737 -0.0651001986901744 -0.121591122755428 0.0565640699769768 0.0268005302700015 0.0518532234157491 0.0334889532553372 0.0514158518811154 0.038066270638767 0.0278803397486068 0.05829807153064 0.0482619999439439 0.0363147640674781 0.0406625131027466 0.0514910739960647 0.130850482956834 4.57510389522307e-11 0.000379522242031601 0.0951248865358227 0.00738504461229754 0.0142131286045384 0.180756030240345 0.0011887956684471 0.167636152475447
0.12594855813676 0.0786828524358977 0.214346084342945 0.259993429526729 -0.106230375106808 -0.0529099531746783 0.066789860859779 -0.109180840422243 0.0386068277626995 -0.0417638214225506 0.0306874570743739 0.0428505057025646 0.0322957913360618 0.0254937644192501 0.0412562471415995 0.0395731693555313 0.0317386282173391 0.0505826385512098 0.0296013848713179 0.0548502490853726 8.90033889656582e-05 0.0696270580651142 2.34481722268894e-09 1.1072989792372e-16 0.0116590352477464 0.184587152294217 0.0381342169988721 0.0335531823817867 0.195482978445203 0.448399582966756
0.104029577869458 0.143155554528746 0.230786949897823 0.21420423678238 -0.005568325390595 -0.0390516803757726 0.271288145547967 -0.00206473214633336 0.0222747440086682 0.0375363716858031 0.0342427531125319 0.0475442028064217 0.0380895704106342 0.0437695850000863 0.0421566751268142 0.0428753564129588 0.0524113809352844 0.0531750836948888 0.0527922971104629 0.0455383006832658 0.00311646811357217 0.00337915571338394 3.13183685954202e-08 4.31305537582698e-06 0.895210765656265 0.364823896750481 1.36753964238006e-06 0.969112773040557 0.67408103333773 0.41195889920951
0.102254442421176 0.0781838405723395 0.153144350792121 0.235899850618742 -0.0490139970541839 -0.187109638836553 -0.000585993752900503 0.0123332719443842 -0.224041793201695 0.0299332373709475 0.0354166964290279 0.0303231292629111 0.0354511658551464 0.0696369223028476 0.0369624445476661 0.0412681887234789 0.0482934577927985 0.0648792373834276 0.0477590110031584 0.0390356604077204 0.00486690633061375 0.0115508904406762 4.01171737484073e-05 0.00104755698819494 0.188179200817953 1.77728889734337e-05 0.990345548134935 0.849662151442889 9.64722221250169e-06 0.445196712781137
0.0159848326109158 0.0931400503434246 0.214371334647987 0.259191291286533 -0.0239545325369826 -0.0663830399069703 -0.0195084396506262 0.0763470954816631 -0.124730956542907 -0.148963862334432 0.0346173136679562 0.0343996150121565 0.043418957821631 0.063645652205313 0.0430665536260064 0.0343340883823094 0.0329130727442603 0.0547379839085674 0.0375486654561962 0.048407176965421 0.645368841432717 0.00811028308724337 3.62274595469096e-06 9.99075148921275e-05 0.579439916623232 0.0563245239322767 0.554850831451695 0.166517105608467 0.00129351307717195 0.00276777630818222
-0.0963635876664554 0.0813859799290524 0.194854459716889 0.342583047985837 -0.086843718473814 0.0269813053636353 0.0918704508705601 0.0677586905045119 0.0305147000993571 0.0421241791370443 0.0724419949236125 0.0614679167868287 0.0488114042403758 0.0329037115030388 0.0549199861858727 0.0514753309276347 0.0402031251127088 0.105010611835211 0.0523705147752459 0.0397687535616881 0.186807741628482 0.188842708439002 0.000133474618561133 4.00180051866032e-17 0.117322836690277 0.601455842450054 0.0246532884374078 0.520403107170738 0.561572850458598 0.292330463589318
-0.15137877212591 0.109423517320654 0.272826293407002 0.259260636857626 0.0201071562465326 -0.0998518582017104 0.0271124061289036 -0.0297630860521552 0.100998514631496 0.0474083039008744 0.0801966896454239 0.038635402661756 0.0389406216521658 0.0481280446961898 0.0533198646665026 0.0727855289424599 0.040842009700113 0.0498060557779165 0.0693495067518906 0.0315710591554121 0.0623029331170674 0.00570375157113663 4.31040595768082e-10 5.684973607239e-07 0.706983739472229 0.173515812991656 0.508492148543222 0.55162106906166 0.148770340866888 0.136691088040693
-0.0285184942126187 0.0731467768892402 0.205539753883757 0.0706667049153052 0.139609708680321 0.0240679089803789 0.00731248186445233 0.0717327877130361 -0.00459644257834903 0.0586352775006448 0.0499470566158177 0.0521101504018609 0.0395672472102459 0.0501490564941632 0.0672105689028088 0.0338080442885577 0.0477216006813356 0.0490213361998802 0.0469428892515029 0.0578111698768607 0.569439941938373 0.163850692291483 1.26663334075936e-06 0.162241601491616 0.0406328821552813 0.478368712112995 0.878558272836729 0.146869841546576 0.922217027407035 0.313179966611198
0.0227786364835494 0.0977000781324355 0.237400199482216 0.260996435547596 -0.0293537281413552 0.0521639433601087 -0.00109855143531946 0.0362857284134599 0.0204837682291093 -0.0495538436473012 0.0279396948075332 0.0375443190825439 0.0671891620110187 0.0382794411492326 0.0394605794667624 0.0346701017489705 0.0353353434873768 0.0387436597343432 0.0379551679387263 0.0434085539161094 0.417065140027909 0.0108291289114663 0.000650042017039761 1.02443612085407e-09 0.45888995072553 0.13593348861755 0.975267156021288 0.35149175289942 0.590748285899267 0.256661628946432
0.0763102153941081 0.0266109473011889 0.130117193886092 0.255237555746389 0.00491006923993438 0.0848290793345242 0.0410090603419815 0.0609006797183352 0.0246094477534212 0.153742477319046 0.0447190688618538 0.0393858443948196 0.0308196968810347 0.0493166766262079 0.0442975375569012 0.0590908247767615 0.0433858113151917 0.0457178391072487 0.04956231983006 0.0694165479908585 0.0913754593286139 0.500996854834624 5.77916827106048e-05 1.37120481492276e-06 0.911987705673843 0.154590884497784 0.347078220659323 0.186191159710487 0.620727317563906 0.0292999138961627
-0.0608402596520004 0.120221951976759 0.149058446527896 0.290732705776646 0.00696132668615423 -0.0707951727236358 0.0459945396443455 -0.0516650900033568 -0.0643426288831397 -0.0156807954863647 0.0452509026761992 0.029646787935709 0.0399329511035679 0.0429611455229085 0.0345734433428843 0.0429738310901025 0.0760812313677165 0.0267012374973048 0.0422008101583657 0.0361050761536301 0.182162675494157 0.000106349798616383 0.000331480192014957 1.29321902893729e-09 0.840880099577306 0.102962715690394 0.547002347189388 0.0561388907320758 0.130845974478625 0.665102809776278
0.0357931939545447 0.111011854950089 -0.044757567551884 0.281447634385711 -0.0227501858592357 0.0367941345527419 -0.0417812992436217 0.00265436572822735 0.00369094306767606 0.0235097414237382 0.0383542750939238 0.0287845551941832 0.0393488628110206 0.0502978238189804 0.0665279930893765 0.0554171080607831 0.0501099127971116 0.0293191125315818 0.0545531126535817 0.0387282840946361 0.353200410490533 0.000215602627815699 0.25836724986236 2.34670045406634e-07 0.733175135093725 0.508420298006393 0.406605091311153 0.928064355540394 0.946208133410115 0.545350681428173
0.030277662783205 0.127069571340341 0.234390029735907 0.252872356046101 -0.0396102612068548 -0.0178595806133653 0.00746621993222031 -0.070310475920173 0.0358835196003915 -0.0719164527672362 0.0257089459614041 0.0350991176851707 0.0487120221490919 0.0282839383270166 0.045702594186909 0.0213491726949873 0.0462608590712471 0.0497420016016242 0.0291683684645561 0.0246087535786466 0.242017427532325 0.000485945976193658 5.9887575115089e-06 4.57832175222051e-14 0.388413312299446 0.405063086977843 0.872144933644338 0.160957359442459 0.221820513144136 0.00439186626225793
-0.0888405469417022 0.166808288990163 0.17375644825666 0.259041291491413 -0.0466632881311752 0.0863437585657185 0.0202134438953741 0.0916362220184866 0.0203581514658501 0.189522675350064 0.0351209252999998 0.0403056317060626 0.0494173806162803 0.0393072184331513 0.0379439605022067 0.0455838998725287 0.0367817600988326 0.0687030326014418 0.0362478149809537 0.0387682269464957 0.0131604798483348 7.85186780009762e-05 0.000688186437825275 2.90069473917594e-09 0.221979062013466 0.0614136695654575 0.583988643012902 0.18563446882417 0.575758610321957 4.40569710485487e-06
0.220431810722188 0.0295270479853803 0.198341198721827 0.348738102620134 -0.115909311344349 -0.111648249732098 0.0860456494379405 -0.0139877155344617 -0.0985660516802705 -0.025929220143121 0.059765832225843 0.0482616289749911 0.0465310399483537 0.0385552873712458 0.0358034489799305 0.0529399353307827 0.034927912239214 0.0798070077497063 0.0271857991182791 0.0427406567686351 0.000385962960676051 0.542204574168457 4.96950303725554e-05 2.77258830012582e-14 0.00168952534953586 0.0377255759059931 0.0156594898712899 0.861261781998404 0.000477278013477275 0.545601202380028
0.0596171236273107 0.0424661459165225 0.208838006970646 0.312098081538068 -0.069561781075561 0.0179987070608676 0.0148808932171157 -0.0741866855913696 0.0217106320528511 0.00562296958424906 0.0363549044091417 0.0470998139044024 0.0447529302385759 0.0485867679991592 0.0327421926844214 0.0389401953391392 0.0518811498457448 0.0384798827941618 0.0335793850856603 0.0261214787963911 0.104524169308612 0.369665176417466 1.06246983075121e-05 6.16401863818479e-09 0.0363673748217347 0.645043247460597 0.774904394409838 0.0570162615008685 0.519570950526811 0.830049882065897
0.040713511629728 0.0991813767140104 0.103284660890703 0.367108677456975 -0.120549933807405 0.0557442231390985 0.0254497155480207 -0.0366258765917041 -0.10866470124647 -0.0303256153083006 0.0386988986284564 0.0484294285011543 0.0894321081318588 0.0335179068997757 0.0629775286822943 0.0482099300965187 0.02188392744713 0.0367723196145076 0.0378785426128226 0.04007924411992 0.295589160805375 0.0434782206166716 0.251190734771721 3.06535317686006e-18 0.0587752966800936 0.250626380023981 0.247927697979243 0.321912009074344 0.00513375652554861 0.451240906103977
-0.0141280372913209 0.0876591506698176 0.0853264853882676 0.307130767507316 0.0337723537114141 0.124463921086011 -0.0356416508344724 0.0384227682336465 -0.0520014253311439 0.0204180132961665 0.0544960872232997 0.0417548273686213 0.0434588383366969 0.0439331179980054 0.0630876198773684 0.0496517366970085 0.0506836261086041 0.0417111110238759 0.0460101382406151 0.0495844017711565 0.796035454481493 0.0385831984927199 0.0526883858755778 4.62697232557266e-10 0.593745759102008 0.0139803886921462 0.483734935661943 0.359427539170844 0.261388013900657 0.681477546886088
0.0200713447611204 0.078690008473388 0.182047995556532 0.339413817456262 -0.0058719666482501 0.0711185155999939 -0.0978244768764215 0.0776507422656885 0.104062905414374 -0.033273870827431 0.0298587067156005 0.034679766481798 0.032966209142087 0.043493114109917 0.0273788467069424 0.0380864412992565 0.0406580696101821 0.0531476628809938 0.0625581078852085 0.0338781183304749 0.503171596551693 0.0256555522659799 3.20811184563988e-07 1.03230986214101e-11 0.83066503092545 0.0651157930745057 0.018171995555449 0.147487620673171 0.0996989570539746 0.328651956048715
0.0351353230806992 0.115865788548687 0.138364187408253 0.257196225892138 0.0865360481847491 0.0239024168041299 0.0100343148024431 0.100167498841913 -0.00597005321378341 -0.013526250850702 0.0398175453732958 0.0370039362246402 0.0493255351262478 0.0382122275021069 0.0354830128343408 0.031894717042048 0.0315488768227743 0.040853372108036 0.0428068473473996 0.0305683544503733 0.379906957087044 0.0023485430512122 0.0061628645237571 1.52894208217183e-09 0.0166989818003695 0.455560801546184 0.751179157806697 0.0161416630715961 0.889394400570609 0.659194864430622
0.060148870648188 0.101743729697666 0.169635374170928 0.342329288337535 -0.00399467775737879 0.100450408743786 -0.0157744443308216 0.0203125313153971 0.0158667709335591 0.0213996030990042 0.0286076959594834 0.0513384033524623 0.0232371854917484 0.0314794419619644 0.0420673919229647 0.0237330922701271 0.0338282828230593 0.0357344581750101 0.027722380419687 0.0250910106648418 0.0382982037747696 0.0505499853906838 1.10055156529051e-10 4.4332358694582e-18 0.924558492579071 5.55628471075156e-05 0.642120799779718 0.571158764221433 0.56851511747098 0.395990329232347
0.13763483911994 -0.0111727269544342 0.220002492910941 0.256332109062702 -0.133414216557236 0.00729773067539263 0.0427266233604382 -0.136110378772997 -0.0470183408796118 -0.0743884222782886 0.0330320566036911 0.0633108345278716 0.037757645069118 0.0629456482559379 0.044489515763884 0.0385540470531276 0.0583210082753568 0.0402339861167678 0.0357376004441553 0.0454682638286739 7.08292286877514e-05 0.860317945834947 8.66617486972033e-08 9.99562804109409e-05 0.00350464600935372 0.850295106450573 0.46569933520786 0.0010632225105328 0.191631627717054 0.105321372391414
0.059419038679388 0.247599621621681 0.15986426202111 0.304621660291001 0.02006255708052 0.0210745252997388 -0.0848929368221572 -0.0249342604738903 0.0327299888012901 -0.0978365614272196 0.0605730545777854 0.0361172202009109 0.0440483372502064 0.0322398783811529 0.0328115994291442 0.0508211609332963 0.0336611532274582 0.0410166789339213 0.0348687365902169 0.0390121419160787 0.329247829572057 8.63392926750891e-10 0.000471440858233268 4.0066659530178e-15 0.542445041205315 0.679362863899971 0.0134277315488662 0.544781194688724 0.3504161653195 0.0139394578300199
-0.0633533315804954 -0.05404515069676 0.200673715068045 0.273563336458524 -0.0472378134512939 -0.0265012450835873 0.0743262821474229 -0.00408794443759936 -0.0390342474908087 0.0102331122459285 0.0350484784642748 0.057777134260527 0.0522981938095218 0.0378971533144649 0.0557707556846524 0.0666133147872468 0.0489220015108362 0.0557504259478529 0.0606045736795566 0.0367749494752327 0.0740108886600486 0.35208157513519 0.000230865238815334 1.60978966840461e-10 0.399241975707743 0.691692386790171 0.1321970193001 0.941709583813956 0.521161066061929 0.781448676920484
0.00897752434142675 0.0732292195473626 0.16153668211397 0.342842643172848 0.00438138737562261 0.0295913185215369 -0.0900564612030179 0.00040372121661234 -0.068042952891463 0.0474338481803932 0.0479384978828118 0.0433317990985846 0.0437727978823109 0.0708047586878301 0.0409233376718345 0.0553223409082629 0.0416527678945641 0.0470209864079903 0.0667508386486429 0.0414647168203063 0.851869143340539 0.0944958198500986 0.000383226929809546 5.30696095512828e-06 0.914977065084947 0.594045612975419 0.0332651277052632 0.993168467239653 0.31076575319114 0.255675012271225
0.0450675043569912 0.173682911731717 0.273229400991631 0.292907550119078 0.0252662142642428 0.0380938251729105 0.0842447348993932 -0.0612390695356575 -0.00406427597524121 -0.0698546965132423 0.0504324634342007 0.0462765886981135 0.0527068651720115 0.034676575719016 0.0467340683917546 0.0566749444748311 0.0325984604758776 0.0522465772499048 0.0538295109967403 0.0488951195467334 0.373908144453519 0.000308974510294783 1.32414862555613e-06 4.85789146610651e-13 0.590092628751436 0.503212777439888 0.0113669840193319 0.244243717025081 0.939982289577563 0.156562287541426
-0.0451370911484456 0.0816084452184892 0.283157071118783 0.122570678366846 -0.0559351352314673 -0.0301595511486067 -0.0381851631236423 0.125339823262734 0.014646336232658 -0.0296952951476443 0.0506595318102904 0.0575097519045148 0.0394757205963844 0.0527377231582909 0.0446496683551685 0.035638911966248 0.0351400283244702 0.04305068305404 0.0450941537074431 0.0620313793079945 0.375310769165561 0.159342363157298 1.99040096581064e-10 0.0223685890857617 0.213539827077982 0.399655865267331 0.280090168316888 0.00453474463230433 0.746090311821702 0.633303014522873
0.00782085206761621 0.0427520032967742 0.254138021619914 0.261714169200311 -0.0508672788641894 0.078690050443681 -0.00135522597845269 -0.0283774862112897 0.0773481929966773 -0.148446397099732 0.0590404684073871 0.0315170219168421 0.0458172491805613 0.0479809449690602 0.0376291821322802 0.0561568855323765 0.0363359169730548 0.0406840609916432 0.0672689593450443 0.0324683892443378 0.894911459751181 0.178341637095002 2.89040153064087e-07 4.27457874605205e-07 0.179825660252803 0.164577116975459 0.970330685783373 0.487282514543033 0.253258173219677 1.53447917243112e-05
0.105463030117511 0.0771327319287821 0.24315733396021 0.308818402164534 -0.017316471690997 -0.0200921043001534 -0.0135584755024564 0.0137591873278085 0.0304881660332158 -0.0275064719234227 0.0473217064656062 0.0310109133814725 0.0337653210415604 0.0249028796945322 0.0523368907413977 0.0270449649732209 0.0393206493869285 0.0306439330146292 0.0267233165598927 0.0359812613562606 0.0283285490225411 0.0147154328349894 1.74376386954803e-10 3.52152067324464e-21 0.741515154569767 0.459468070481641 0.731035556382024 0.654509524284059 0.256945548520774 0.446588994428002
0.0401078681143452 -0.0869134709984958 0.202194525108411 0.284457845929194 0.0706637516924036 0.0113695278824336 -0.0691382863145853 0.0699037915889148 0.0367001275957294 0.0478325582647068 0.0454364125748956 0.0566243702572318 0.0549014398814022 0.0750123443828314 0.0453019012258726 0.0582341782849361 0.0632772381756484 0.0481325820485236 0.0448099724087907 0.0500741897425057 0.379736447632061 0.128313351909426 0.000393124537330351 0.000269990754978104 0.122307171997074 0.845646677853164 0.277474626063399 0.14989079359761 0.414940210520348 0.342018237070373
0.134404539189 0.102616037575074 0.129965726432266 0.199936804444034 -0.0336096707363364 0.0560512772246683 0.0586477014900887 0.0671417785988262 0.0357522416340428 -0.068237785045707 0.0356358797051311 0.0757946889197807 0.0335150058654095 0.0600635564191591 0.0344624294346573 0.0419833912790022 0.0379090878163874 0.028374252151263 0.0478836094390505 0.0557916912526471 0.000289898319056558 0.179168400276541 0.000200141363515394 0.00126532190449109 0.332047651628494 0.185216694587395 0.125357648639051 0.0201123067644902 0.457221609861663 0.224491836326197
-0.00195208181273234 0.0687647709345635 0.1244041477596 0.256283668635343 0.135297031947549 0.182269034233014 -0.00289063138793231 -0.0278967034570797 -0.105009504730925 0.0208785891758194 0.0628252002035022 0.0388670661140145 0.0430132353641334 0.048195777744664 0.0405127837454505 0.0434008023503755 0.0447929756106125 0.0518758217085672 0.0450093940466525 0.0442884840884604 0.975281210808916 0.0802430028869107 0.00479602250386431 7.60191552527622e-07 0.00122215704864383 6.27356797131778e-05 0.948688842096989 0.592070547495625 0.0218740947231157 0.638479832466585
-0.00737672429222999 -0.0486394925850642 0.0522769765560402 0.183445284191372 0.1018131762239 0.122760286888751 -0.0400024493328272 -0.0456929902716893 -0.0417118563023037 0.00890872053696294 0.0419368136606107 0.0469807366676409 0.0805772717039172 0.0893823576346548 0.0586496591721285 0.0483897398832911 0.0571855090169378 0.0531021692087699 0.0535753057581977 0.0768072279755365 0.860766959663614 0.303299315631061 0.518132229204953 0.0430385569401335 0.0859940186409781 0.0129059388461114 0.486030723470414 0.391814759952395 0.438278212960071 0.907920427030101
0.178121049239166 0.0531555625533301 0.153982921914589 0.311525999939693 -0.041477315582063 -0.0497209598680427 0.0223276025222701 -0.0763473939087128 0.0577353281593625 0.0893529565013622 0.0249232512576742 0.0440515547697304 0.0246167172076751 0.0438636803947456 0.0347648858073776 0.0451563354491108 0.0462901078855992 0.0403196722845429 0.0450355442698318 0.0356142982501485 2.24761155041427e-10 0.230722525047709 1.31113735784235e-08 2.76492521607384e-10 0.235973508571277 0.273795841170186 0.630734982632059 0.0614970631228784 0.203137110842845 0.013900567780471
0.159297181307682 0.127988209222745 0.0560071190866532 0.0124366895625144 0.0618197261944194 -0.0324705752517927 0.0022270368922152 -0.0312572036719322 -0.0252053031268137 -0.0133884748283358 0.040746938197834 0.0314403501770903 0.0617723501960252 0.0966882055390085 0.0412187440452138 0.0474754682810629 0.0356161339953171 0.0311921243999422 0.0350727140882828 0.026166403894906 0.000179043313919672 0.000100482880422976 0.367002589488454 0.897940000691587 0.137167006437464 0.495767610419594 0.950280325462376 0.318988524651982 0.474213055873517 0.610137521970282
0.40315968062074 0.04909315121361 0.122362294852947 0.373770835305093 -0.0222445696960326 -0.0210438323519024 -0.0165468466265985 -0.0281870174686701 0.0482428358927131 -0.0556371045266679 0.0532040763663156 0.0600756702711271 0.039785766528324 0.0532943351356192 0.0388980151268786 0.0473727267263599 0.0412562245617106 0.0589200983970945 0.0364007626813858 0.0630943071296124 2.99984306313099e-11 0.415978688000155 0.00278274987062897 4.1709175179339e-10 0.568836305829905 0.657951058762475 0.689315434973396 0.633529937333973 0.188418067059019 0.38022933528005
0.0230501820234361 0.0667734985238929 0.239356403594602 0.273835155853987 0.0570664668870901 -0.152010945385689 -0.0230535704227995 -0.0356216398218636 -0.0805138624457788 0.007885457229756 0.041474720636304 0.0503735632042029 0.0755779688317183 0.0498578069223002 0.0607950482841427 0.044331476660841 0.0549094092758841 0.0531943973633314 0.0581277080498908 0.0463661386698335 0.579750769784182 0.188338349906229 0.00210322035715005 3.64283232982618e-07 0.350412707161865 0.000915992884447879 0.67559755130107 0.504795207853718 0.169439409707934 0.865337345827484
-0.0691723477673079 0.0849663442934826 0.182349623938284 0.360980984091796 0.0317872972062468 0.0398226041650389 -0.0209134040120863 -0.000926189627904768 -0.0827107488585973 -0.239001889830216 0.0444411505208283 0.0516189980131226 0.0360749550740176 0.0415464877200018 0.0342849332333144 0.0432321201701639 0.0275919526163713 0.0386763937779512 0.0355369538160883 0.0404894963340397 0.123100514833148 0.103245820539131 2.25004087792485e-06 1.52952669917955e-13 0.356328046244589 0.359442703073391 0.450459230127134 0.980947775767468 0.0221840335363996 6.2198149512526e-08
0.0339963662922836 0.202327992564624 0.156594963843708 0.275639207665085 0.0382860353089783 -0.0439579975545507 0.027493993368526 -0.0191788306430109 -0.0765368550456224 0.103207544483457 0.0593588445397573 0.0505849661503658 0.0386356763401023 0.0364050763874572 0.0504995196097579 0.0407645198430164 0.0553838256425961 0.0445541919107421 0.0455717162749774 0.0393634810701978 0.568258165549124 0.000129806591024991 0.000107130582645239 3.08799196334822e-11 0.450343979553909 0.283763896796359 0.620803915556925 0.667889598346729 0.0965267176132655 0.0102665689264604
0.0994313728076505 0.133392164696874 0.200967117206279 0.262786783521745 -0.0043919997372069 0.0200375473913769 0.00176603371203544 -0.0202235114242269 -0.0413412002140412 -0.0216084838036923 0.0317164675679992 0.0318926646438101 0.0272642166236327 0.0296196177788584 0.0285903920016141 0.0304134926743159 0.0243311483445349 0.0388728054038561 0.0622263751771866 0.0262138168763922 0.00232108557130177 6.6824834808086e-05 7.90160748413439e-11 6.35496681787809e-14 0.878254843236318 0.511682248845153 0.942298823522618 0.604167943982569 0.508153543672649 0.411938989557663
0.0142444211794387 0.122386430641596 0.00148232545152341 0.450900772474312 0.0582676874985312 0.0372160387656559 0.0331047372672433 0.0207332177699878 0.037095139393775 0.0340273132088626 0.0469886555458504 0.0506516712711805 0.0520821319176972 0.0319644372745903 0.0373367842499991 0.0451045062122671 0.0538304281874488 0.038369050716508 0.0413851364914964 0.040464841549129 0.762478245338109 0.0177012371992962 0.977357246228045 1.59889858175633e-24 0.122128423570041 0.411492553180599 0.540118526737966 0.590281411377898 0.372462654913761 0.40262667599315
0.0626867823553257 0.116282705805515 0.187427858878679 0.184965907366207 0.0377435155384176 0.088702881387572 0.0994314111536115 -0.0357701509324573 -0.0170682312356055 0.0958345372577695 0.0399863744836781 0.0622216010928231 0.0387654734354476 0.0522646218191496 0.0503263675571733 0.0466178770061182 0.0301266069445554 0.0358508289757693 0.0464018448751615 0.0699662341468287 0.120459732245167 0.0648965493691712 5.46088944623416e-06 0.000637822055973783 0.455225865677781 0.0602681917536639 0.00138464094768438 0.321075838603874 0.713859788197159 0.174180390604023
0.0375672478124626 0.0634461608789134 0.165508409115 0.168915420882885 0.0157824998287225 -0.0681032263457733 0.0552555902412183 -0.00495012707075112 -0.0322706892660087 0.0433926971562253 0.0352842517433709 0.0384208741258229 0.0370151121311757 0.0332543425117535 0.0323421131438752 0.0416343757870664 0.0323697400091148 0.0480476952705422 0.0371562640449696 0.036138257626032 0.28985852593141 0.102153172287384 2.26018596318896e-05 2.03371323920765e-06 0.626746468203515 0.105385646710148 0.0912675021292821 0.918172126635774 0.387423809640347 0.233002326587367
0.00261248960392963 -0.000871572710443315 0.234327310848631 0.266245644313975 -0.00783692593075657 -0.0741810963053928 0.0821467649175549 0.0213549290925834 0.0591028011912152 0.162222911077501 0.0445769819821414 0.0448318660712484 0.0347852688229342 0.0309244763480709 0.0266772258698347 0.031622327333417 0.0373796305372103 0.0438614971706204 0.0446475706287451 0.0328781801859481 0.953395665665827 0.984532402576245 1.48986867354726e-09 2.23254237533266e-13 0.769611278367126 0.0211806500896619 0.0305420203294034 0.627532773353062 0.18893435173164 3.66999002829257e-06
-0.00902106886441742 0.109056122722813 0.105548344107838 0.261747553209447 0.0757732703514045 0.0534357054852082 -0.0160617718898692 0.161423835472274 -0.0750715734472245 -0.194481113024769 0.0789268664664499 0.060975133909841 0.0306433304077268 0.0426931025595267 0.0567784104297801 0.0369737776438788 0.0374741907090033 0.0278242789812866 0.0410335351861415 0.0450855049000384 0.909257311081707 0.0770546712911815 0.000870994939472342 2.2792587502561e-08 0.185392291677725 0.15186558344783 0.66923195975239 9.66653701678666e-08 0.0706331881453499 4.10699311219844e-05
0.0138471582040891 0.247202364561032 0.141547021096945 0.229876276727212 -0.074294092163849 -0.0991586608190721 -0.00646754234487624 -0.0968002405403248 -0.17585955270836 0.0319848577174371 0.0597646297735285 0.0910192943535161 0.0599126500258085 0.0619286810553517 0.0550390697804259 0.0700775933131893 0.0435238916409295 0.0652681688819162 0.0451037353949088 0.0760646977625744 0.817300997063364 0.00792402768500559 0.0203038638271721 0.000355948803117234 0.180451734540757 0.160523985654378 0.882203674259903 0.14153716789048 0.000185759099487804 0.675125887925771
0.0529253361146328 -0.0376574434920713 0.217272594173036 0.289673175477429 -0.00244623689512094 0.00926784209441018 -0.0911708612632108 0.0312974091394818 -0.175214037776096 0.0993012427331366 0.0378527471798989 0.0379491256263871 0.0293495296958338 0.0330527140716663 0.0426329605589602 0.041500238230866 0.0412793212207823 0.0426386734236575 0.0476106789335001 0.0515297421176342 0.165492141474315 0.3237048762868 6.80807727290167e-11 1.0663236019822e-13 0.954370487124635 0.823792398097065 0.0297401378517248 0.464847798117191 0.000396786430779477 0.0571258553336093
-0.0533417116968447 0.0902188000817079 0.23773224297442 0.28048534628156 0.017639772966699 -0.0013486727293507 0.124956049543267 -0.0731859831274276 0.0237738583652567 -0.247218321588425 0.0513817999240199 0.028761135477727 0.0451932773965227 0.047730766478976 0.0468773066911941 0.0398801871435798 0.0863546733584365 0.0814347555635719 0.0501894716931218 0.037427343027064 0.301984096607315 0.0023081358239889 9.64876786535479e-07 6.97973087070936e-08 0.707582001545946 0.973097080825307 0.151368348991449 0.371206884857334 0.636873606186012 2.70819512860577e-09
0.0214999735281491 0.136552263898149 0.208165974414155 0.198951578526403 -0.023822700981374 0.0953394366995769 -0.0553402678258752 0.05586467434804 0.055959650656041 0.0239934219658689 0.032110885623962 0.0311592885808376 0.0330744924177752 0.0515353234737259 0.0540037518615225 0.0465837793107755 0.0324221083544372 0.0400176888836064 0.0585590284096672 0.044485687552189 0.504856241110529 3.17015481116713e-05 1.10322984233074e-08 0.00021271648559162 0.660176457613034 0.0436119802626407 0.0912946586084252 0.166148770116834 0.34182861902137 0.590976185271035
0.0646627651884606 0.104277039923953 0.195583661588967 0.30260241835195 0.146212440987201 -0.125814779342789 -0.004625451459353 0.00794073215226353 0.0343086037724271 -0.00950552430553407 0.0314007858110639 0.0329947092395478 0.0424112325901524 0.043104517736779 0.0418052153736465 0.082258221127109 0.0415301674828937 0.0385589136170551 0.0421943839042003 0.0426454580135766 0.0423575093434917 0.00214649690543464 1.31607303048215e-05 4.04053512989159e-10 0.000731857700285558 0.129645338199635 0.911566440325874 0.83730474112706 0.418301790075261 0.824121141709317
0.0161648124002827 0.0680568916895111 0.263732027709192 0.209168547480739 0.0122831409717608 0.00281766504159302 -0.0749045524821659 -0.0747979821720885 0.144913613971515 -0.0417681891682347 0.0324220775478293 0.0300005062591482 0.0362831896396005 0.0446714584854362 0.044663034604212 0.0376889146795629 0.0412566494938076 0.0352731578556058 0.0499861797013762 0.031530679730471 0.619295693651396 0.0256886112598511 1.2744800615154e-10 9.98270640660294e-06 0.783932731863023 0.940570708837363 0.0727657674637106 0.0367117616783722 0.00470142787409632 0.18862975520886
0.0345321455053625 0.115049760904304 0.0381479511881786 0.295460963620398 0.0585740745164937 -0.0268427741070827 -0.00661861218235164 0.0380629979568087 -0.0497166486549524 -0.0464787898750192 0.0332528180094407 0.0561599322461322 0.0533743867850876 0.0347785603444589 0.0417880666013733 0.029209314016653 0.0362272311300251 0.0340297518291196 0.0367138464218094 0.055757991480248 0.301831973792514 0.0434129059828901 0.476629478208666 3.8507295117796e-13 0.164446025375439 0.360562477470557 0.855446562838209 0.266321065130924 0.179073764265752 0.406724134102723
0.0664786277229372 0.100498561436423 0.194468545478609 0.556331765641758 -0.027013528334988 -0.113144396237465 0.0429283493188423 0.031351958345119 0.0383580907351725 0.00557733875145593 0.0446129942922495 0.0454056138470464 0.0584277641720081 0.0470466403660366 0.0325723989668526 0.0435129434267236 0.0531225021817897 0.0575220829889615 0.0527524807242552 0.0411299422338743 0.139689554341741 0.0294018117074671 0.00126692072735607 5.0799437714596e-20 0.409107420429231 0.010888302962083 0.421163260474053 0.587072692549078 0.469031458540937 0.892438061931167
0.0195528862683953 0.0692391760488151 0.323225030618744 0.291804459382398 0.0808843664278622 0.10179838528454 -0.0757981926512697 -0.08209310450684 -0.0245405870608607 -0.0855974336467762 0.0528840196297058 0.0483272552666197 0.0432677428003516 0.0500669182277189 0.0517095110119961 0.0466338572779401 0.0421207989474144 0.0722914444370754 0.0586613878148336 0.0437177763435877 0.712451151563476 0.155403766406762 4.96429256124327e-11 8.60655148412754e-08 0.121278580931251 0.0316436775006149 0.0752839610561127 0.259145199567703 0.676692840487006 0.053332753346987
0.157699506282853 0.121835197005361 0.235034093445049 0.140797397721255 -0.00829880801574231 -0.207414621239732 0.0340157485218445 -0.0196335382087641 -0.0883810368756107 -0.0176083574664909 0.0354980614849312 0.0610433565446161 0.0431508729798915 0.0498923790988202 0.0775071847243426 0.0527028899801077 0.0405867716572094 0.0625863291528866 0.041034507240209 0.0705861888887478 2.52368652935561e-05 0.0489700716492463 4.41679396585187e-07 0.00587260512127052 0.914970600018777 0.000163221879614877 0.404195185430109 0.754472317453878 0.033926641318249 0.803574243287642
0.0671352455219954 0.15456259322168 0.17571817782426 0.364837833153836 -0.0213392571313489 -0.0101799712806789 -0.0307636532871102 -0.0408585914042898 -0.0281579947544072 -0.0579780743197887 0.0356583856273755 0.0337527084530383 0.0513012808878181 0.0442557307196563 0.0357819172620838 0.0845646665537557 0.0402766463439889 0.0356716014376949 0.0440871161522583 0.0405826896679206 0.0629668362477967 1.49207434899254e-05 0.000927213554119343 1.27897423404496e-12 0.552425252393858 0.904449751187576 0.446979014928686 0.255076226073564 0.524646748087968 0.156569022653537
0.0226713905221015 0.177022877346684 0.202776157438538 0.285547313636861 -0.0610218408240727 -0.0148644520798374 0.111841490197404 -0.0469682209451486 -0.00563395710316614 0.0183886012989701 0.0237040892694578 0.0321805651663923 0.048277286921697 0.0397655503324047 0.0334849976783646 0.0340911098142998 0.0302155206697802 0.0462436860347933 0.0281405436585718 0.0432094861672647 0.341415248496713 3.5123211579057e-07 6.26039737740767e-05 1.91927233165233e-10 0.0717208404745199 0.663865319161108 0.000368956970365456 0.312510302024239 0.841769749264566 0.671438135487286
0.0221887735934093 0.0558587176229211 0.129827551690928 0.25141322445334 -0.0714411598502668 -0.0377110888438517 0.0576010982947981 0.0171082560402958 0.118941804399443 -0.000355801939784847 0.0303980337616303 0.0317717516050914 0.0392590509107589 0.0412191633392348 0.0332215389336079 0.0351011051919643 0.0460721659285846 0.0464627912432369 0.0440466311287981 0.0403198644688365 0.467321883185223 0.0821258835205958 0.00135636501472878 2.6202296716036e-08 0.0342004285660551 0.285535036814069 0.214454199626241 0.713578216988159 0.00827486426739454 0.992978704334425
-0.00689479422702395 0.172881530670386 0.150732724372883 0.296695045825631 0.0433653368425677 0.0516148492358002 -0.140496590134122 0.071631025540151 -0.0227496506140485 0.0462892236816576 0.0544412875357749 0.0538260211149628 0.0488105349648268 0.0518693013816437 0.0663319081494716 0.0537209064717088 0.0548303588410198 0.088181177098057 0.044230834917628 0.0390407518961095 0.899502767706301 0.00182987997712472 0.00267844427363883 1.37531433921721e-07 0.51493154143929 0.339228805913561 0.0120569914002316 0.418753496954005 0.60827558743362 0.238875907770991
0.17295327500538 0.278188889248576 0.20632452702341 0.227738214634343 -0.0258816769515092 -0.0297481874901335 -0.0138040036123854 0.0718592550415784 -0.111407894220061 0.0994092382815449 0.0371838972428084 0.0227299095876722 0.0322616609767779 0.0435488954312695 0.0381449618249706 0.0477215503221469 0.0379240970922929 0.0431576223944061 0.0363937077651793 0.0291983664393632 1.12740710903412e-05 7.43826219771184e-21 6.99740049250051e-09 1.09676726882499e-06 0.4991903561341 0.534617960772191 0.716718965085813 0.0993819887587524 0.00290618330313291 0.000991352940926866
-0.0477465855860146 -0.154148892789041 0.165800312221079 0.226250948011378 0.0327903333826383 -0.0252520119991163 -0.0296878812537641 -0.177616406041809 0.017254226837953 0.028077103507337 0.0433394122882945 0.0465261998779686 0.0714922971038952 0.0375677316288938 0.0341525663599419 0.0579051864455596 0.0369967900971637 0.0496858952141031 0.0334915625987293 0.0451290310840691 0.273534144388536 0.00132980167536128 0.0226518034657334 3.67978479893283e-08 0.339570514696919 0.663813967065922 0.424409617277867 0.000566171065750805 0.607689416176372 0.53541513409228
0.0615452588911037 0.089817258356821 0.142718194577586 0.297673727894223 -0.00447477302922751 -0.0128889610965825 -0.0610221400575366 -0.0823560548172786 0.026363548926498 0.0146526153023362 0.0272452692826293 0.0382122488475211 0.0302277890769893 0.0241085562871947 0.0346749410284757 0.0308743753457309 0.027492551879252 0.0442401845480614 0.0253075065961407 0.035084907452844 0.02630285519832 0.0209340093942701 8.56262470804626e-06 4.51036313125887e-21 0.897606685819187 0.677332770246206 0.0289597476731036 0.0659280765074956 0.300327903792548 0.677210125665808
-0.0765299611029899 0.0700105568780258 0.144426763142574 0.280382493076529 -0.0478563482934003 -0.0499263296484065 0.121468604475808 0.0438042613247408 0.0102303648425708 0.0464608843941351 0.0502296175912884 0.0378703667168035 0.0678913477841115 0.0279983488799722 0.0337675392749522 0.0337697265416071 0.0421442191564011 0.0543479064215772 0.0329736596317571 0.0374874055940316 0.131114313769648 0.0677860047033816 0.0361283686813056 2.66834187129033e-16 0.159868455403507 0.142782898802361 0.00493762714970764 0.422368997126531 0.757081556004056 0.218429524031722
0.113275642732709 -0.0123100060681664 0.149227954928268 0.279312300414587 -0.0200697620127141 0.0180857602734998 -0.0337833775995517 0.018438296105113 0.0814373965704858 0.0080684418777573 0.0372458851302345 0.0511094164804986 0.0398507218477349 0.0405751885136114 0.0415426225359716 0.0283712064696244 0.0487299683986921 0.0302167485879435 0.0352770669712073 0.0351418744612906 0.00308578956680877 0.810214614574311 0.000318127618430036 7.57817014682684e-10 0.63018900847726 0.525437915768259 0.489920881544783 0.543266273795686 0.0232617911758338 0.818926528491552
-0.0465116689180184 0.126118959366393 0.217914962346964 0.234022637074535 0.0699524770564481 0.149952570927908 0.0596949423928659 -0.0392063022445518 -0.107560912287106 -0.0411340487964713 0.0412119269398547 0.0265221539798241 0.0458369206506105 0.0482051035526742 0.041022880408883 0.057785824097973 0.0453324791709314 0.0474965270566777 0.0509978288594149 0.0330928107886909 0.262067198990124 7.49330349976875e-06 7.52579326390029e-06 5.04567844410375e-06 0.0916054073101883 0.0110447603179995 0.191240537810625 0.411295330432679 0.0377108260062332 0.217099854752618
0.0723718332319181 0.136061842983581 0.110943725510596 0.344909652610633 -0.0853418152772254 -0.0081794092780326 0.0095786299491433 -0.0404193063171201 -0.0316488497339644 -0.061888225352952 0.0412982569126185 0.0381200427318123 0.0358371273668967 0.0387288672805069 0.0657054725375495 0.0398419351256996 0.0371612746860449 0.0512622500152535 0.0299622886664132 0.0338726306017371 0.0831075756204653 0.000576645390038491 0.00261678853363394 5.40754375056944e-14 0.19731194856619 0.837804112944255 0.7971818477151 0.432487452837655 0.293663159389765 0.0710012451222485
0.0479836647797065 0.0985320886516009 0.258737355757064 0.278206175343167 0.0195799373376445 -0.0236343786314755 -0.0425084877051194 -0.0424436999090936 0.0323673762574667 -0.00518302392788958 0.0485973470905875 0.026095734323211 0.0367662351424506 0.0397487344225416 0.0365012208941572 0.035106232684999 0.0454058284554369 0.0330966607369289 0.0321561999989021 0.03258183552473 0.326107332868747 0.000285731306439018 3.7322591517436e-10 4.45399493787447e-10 0.592992666159721 0.502529547082009 0.351680641671754 0.202989869856828 0.316841400564037 0.873964564980102
0.0150998547685879 0.131603690732365 0.144624496832146 0.307192220777727 0.0211949893601251 -0.0990088508986458 -0.050592387722314 0.0229358816126675 0.038744696851896 -0.00987993601530249 0.0393339198382799 0.0362882593821629 0.0303386834410707 0.0415063542836919 0.0409708611024294 0.0359181050517351 0.0269627230765605 0.0361092945879614 0.0303961755454325 0.0304105410618739 0.701966238656797 0.000475712058433427 7.15243812050729e-06 6.86708417916422e-11 0.606202886630414 0.00707245587433621 0.0638433654586166 0.526923009386214 0.205711812107717 0.74602191134244
0.0199452301730112 0.127628663604902 0.270113007870684 0.576123814687835 -0.13837060078294 0.0100740527910837 0.0193900359112276 -0.0821126827519222 -0.0987594687336786 0.0279806105302216 0.0424074973396781 0.0318767256686373 0.0558681988455207 0.0310252193226753 0.0442931035491374 0.0448539071278613 0.0438109804923243 0.043079209849076 0.0426026584325926 0.0426450745286783 0.639261887216552 0.000127933273413407 5.4628832391592e-06 1.5466522509669e-32 0.00240092667172191 0.822801929361583 0.659128572401758 0.0598303808845508 0.0227076049877126 0.513416015002487
0.0235745335616718 -0.0456982407765565 0.125343850362697 0.118487755758192 -0.0178770690790824 0.0908069176283312 -0.0234387774954967 -0.0568383368931471 0.0410911959224506 0.037981649338718 0.043515216186259 0.0452135377099544 0.0336257891182484 0.0802835322894989 0.0432022548218306 0.0296338592490797 0.0306302654166637 0.0358206603897569 0.0307889667761211 0.0373845991877843 0.589326843317845 0.314859929127539 0.00033734528665857 0.143469993564988 0.680005420818398 0.00287899318657379 0.446144781319765 0.11607723539429 0.185371376544657 0.312366914821432
-0.0388438817276196 0.248698320335593 0.150167276346491 0.438630555457997 0.127594133847841 -0.033746291332846 0.0149164511099382 -0.258588352880529 -0.0634554465077625 0.106841541744776 0.0427995911557858 0.0508479650890386 0.042940171575144 0.0801328987616643 0.0451079322043189 0.0551831272168794 0.0535345053778848 0.0813716930814126 0.0420817277558871 0.0589797157699615 0.366525993924914 4.36331801528312e-06 0.000732680659556779 3.94039047485073e-07 0.00576237976520629 0.542388582030035 0.781166093912035 0.00203377729521753 0.135080036595427 0.073399701158722
0.0553118445250948 0.0584225793518731 0.331961043965313 0.34331874387186 -0.0200698299899093 0.00360534794691307 0.0974316471951041 0.0247225508773712 0.103672250719184 0.309890315673315 0.135275401060341 0.0519729532870552 0.0439713488973516 0.0417329730957805 0.053410848183008 0.0562305285674275 0.0570882161247699 0.0560506302178454 0.0450500086972268 0.0653475983976623 0.683596691564521 0.263961665566362 3.42385132682541e-11 1.38878635264448e-12 0.707977201138117 0.949019047374903 0.0913287365776442 0.660216223707065 0.0236854873919314 7.88963807579488e-06
0.0508671165691536 0.10589911640824 0.134088555357133 0.340043513700101 0.0202493630576806 -0.0214251071499988 -0.0338271991681105 -0.0243892741738967 0.032280328716884 0.00208319729200664 0.0514448814683629 0.0332061048430872 0.0282165429326629 0.033882600863153 0.0333040163803269 0.0473000085583695 0.0322814106344635 0.0411590926477777 0.0384146497142571 0.0341885277357688 0.325426915215857 0.00196387596782407 7.58583535005643e-06 2.4055658125163e-16 0.544708395569065 0.651666208868229 0.297497659865177 0.554960893849951 0.402959796253777 0.951547960696966
0.0232072652358773 -0.00823773635203665 0.149643584325171 0.257118484510697 0.052871100061772 0.0423228863361091 0.0546940709625955 0.00400669056495717 0.0489487611094347 0.0744327871614906 0.0535487895370788 0.0468282921087036 0.0495644137304501 0.0585411081924365 0.0603581086498459 0.054882454805866 0.0529024724943939 0.0473170415937002 0.0647669102843732 0.041040290376926 0.665771750968003 0.860756982028463 0.00329754553605684 3.05583735533357e-05 0.383385413652865 0.44263488199159 0.303968891994055 0.932705831765779 0.451761821061821 0.0730641752352719
0.12776883446435 0.186686926297294 0.144352294873511 0.20605729039035 -0.0481499866426202 0.0230518808426116 0.0101891877080253 -0.034923982084927 -0.106622879101281 0.0266805672516543 0.0515941572167762 0.0342358582519104 0.0375782873494159 0.0329073361786763 0.0361701493930406 0.030126726573176 0.04801908858378 0.0445452471261961 0.0348936407332705 0.0409908073523029 0.0151403493085734 4.30320377763918e-07 0.000227445291635434 1.27348681717674e-08 0.186482930128997 0.446175858874289 0.832438349902329 0.435091984135333 0.00295513118171543 0.516774910979506
0.0602752591463738 0.0751062976043886 0.184578854203443 0.268787383407097 -0.0559950853580185 0.0343584701987454 -0.0457610092453499 -0.00684574452821935 0.0216642684414414 -0.0800677865688001 0.0329666631563591 0.0349097182938504 0.0333770224614501 0.041936243199958 0.0249203239945675 0.031324780216321 0.0290960575170796 0.040451246922932 0.0390428977135897 0.0411955503914881 0.0708067207243395 0.0341193746626593 3.10272836774441e-07 6.56778734245659e-09 0.0270874802972824 0.275634707565646 0.119284307426524 0.865992026030585 0.580350645985277 0.0550677451811991
0.074025552415376 0.147819503216575 0.126131736127711 0.269218710313427 0.0161428045054299 -0.0186372485801099 -0.0284752274595234 0.0233478981584724 -0.130051245191062 -0.186452411221932 0.0335090709576985 0.0297708027984113 0.0505927578635942 0.0376949487160543 0.0319373455114163 0.0289583327793431 0.038435120473897 0.0331629899271386 0.0494327968238584 0.0281485912430872 0.029705056984129 3.2359118138541e-06 0.0144927583795988 2.29768603910578e-10 0.614476842634119 0.521478956367184 0.460704041476794 0.483228762161619 0.0100189927159176 2.4888611160181e-09
0.198627274783898 0.135469466801597 0.157193129180237 0.36404944077436 0.0590754851542035 -0.120161928534816 -0.00181888476286331 -0.0321569512708713 0.0820822879085483 0.043825168874486 0.0650244101424632 0.0445202726858594 0.0381452325354287 0.0529180373480592 0.0377831727559866 0.0383412927126625 0.0462752398651992 0.0519545542129009 0.0541861526137093 0.0469444764336251 0.00296402946147006 0.00307116900765884 8.37555981375206e-05 7.73036694751157e-10 0.121435320261851 0.00232821640690576 0.968733651667883 0.537516886997348 0.133322161193767 0.353032259191626
0.0730903741183828 0.123336017610323 0.131872337681432 0.309754767442595 0.0736356335018529 -0.0252824874666762 -0.0410730564904154 -0.0380202140264054 0.0349608330696388 -0.0272550902115259 0.028921591111281 0.0332527731917693 0.0341785293684633 0.0252076414050764 0.039021157277761 0.0305697774747138 0.0258141123694219 0.0351434781272459 0.0366124523462645 0.0343783221423838 0.0132435995000326 0.000359508360670503 0.00021432733008814 5.92461972619478e-21 0.0623742747662576 0.410400711862881 0.115091726666602 0.28220634652708 0.342191560680873 0.429980063123502
0.0895967147511305 0.130857907438932 0.199761698680495 0.290867100950281 -0.0691983290125111 0.0412262359899962 0.0922907638994856 0.0443797995180532 0.195170286189141 -0.0219185903510681 0.0445134735584371 0.0689814414876136 0.0302534582883496 0.0452128153073384 0.0394244172935556 0.0269311633535795 0.0543698188286273 0.0299602086464794 0.0423241222762745 0.0507982175630646 0.0471241317503892 0.0610345001075921 2.73725592242484e-09 5.89860334723767e-09 0.0826253154754746 0.129326234015696 0.0930646854117 0.142021613681654 1.31748349838409e-05 0.667148719449664
0.0322025399866819 0.0943677013469989 0.141133484475351 0.286143482453184 -0.118407277771911 0.0893435192946532 -0.0138774654155327 0.0255753488770434 0.0280085342200939 0.0100389785963825 0.0555152698050594 0.0379562695039878 0.0415762457953428 0.0543303379190723 0.0631645797979647 0.0524088564530865 0.0433730151654736 0.0332872503697432 0.0350352251088045 0.0452670899418912 0.563319307408204 0.0147562629225559 0.00102412042179024 9.39577625346236e-07 0.0640935409230527 0.0916926047087635 0.749743120465894 0.444306877925468 0.426140648473877 0.824993719969437
0.0321103317572238 0.0748022051988265 0.188987207133327 0.291352042571841 -0.00264432441106933 -0.0251469933597336 0.066657275981629 -0.00965879618755415 -0.00497165493332062 -0.0235338021710725 0.0319869897049486 0.0437480788785213 0.031792516227241 0.0367668339450839 0.0300757576013015 0.0390425070422957 0.0410159236536853 0.0447421241317547 0.0346067625516226 0.0452175244888496 0.318139404980227 0.0907411798945524 5.18526701599192e-08 5.83722191467614e-12 0.930133912171222 0.521153447437395 0.107626313171532 0.829572124616284 0.886089055824835 0.604022726283847
-0.00581604780809173 -0.0918603898634823 0.215145635249341 0.389603817053652 -0.00163850581201645 0.038728568019437 0.157929713661988 0.137875609063009 -0.00721202874087261 -0.0255223051110391 0.045819697351447 0.0506718928578786 0.0355035241110398 0.0536932339978297 0.0431328240814584 0.0495774411049816 0.0355554327546775 0.0493550948170936 0.0385566318654979 0.054992950795343 0.899276312174297 0.0731892809005949 3.12107521721285e-08 1.35160246233798e-10 0.969781826951014 0.436750673881002 2.53036457193583e-05 0.00636926950595439 0.852042235566446 0.643695737638132
0.035700161708286 0.190133040014753 0.192152458149158 0.298389601857328 0.0478530925277501 -0.0610470084493812 0.0273629437073683 0.0168206441559869 -0.0420643639441502 0.0249865852020647 0.0361787426830145 0.0259680508121585 0.0324712192786082 0.0321158103790408 0.0234548897030361 0.0392940129035583 0.0427929521222137 0.0343557913323282 0.0325301778713228 0.0335531782770421 0.326399990929308 9.94818694018213e-11 5.82987374688145e-08 8.52809610019121e-15 0.044259257107256 0.12379049101588 0.524169810647757 0.625607217431681 0.199290239832853 0.458401645032397
0.0911493474682246 0.0638059200217788 0.239684288573096 0.209164281894755 0.213788897206195 0.143280246642184 0.0759071398188197 0.036449794155829 -0.0537971470218052 -0.133528749253657 0.0586835382704019 0.0680468130270863 0.0792773284298566 0.0489938063024296 0.0464655183745745 0.068692546876149 0.0471665020175673 0.0583573301916248 0.147630533611896 0.055033227530734 0.123876502560149 0.350920041162605 0.00325641771360575 4.84812669382766e-05 1.37130784182009e-05 0.0398253053094504 0.111043342376262 0.533816052558698 0.716411182629825 0.0172465131263492
0.000675169881544655 0.0437420195394218 0.300144049353439 0.312474363899079 -0.00288868643179696 0.0226520390967348 0.0435776954146264 0.0484304498302086 -0.0620664279500012 -0.0175346909718996 0.033553454800815 0.0365482300695517 0.0434259008500392 0.033045326632234 0.0305259103438532 0.0453721154093138 0.0493678517522854 0.0272406554446723 0.027183379414468 0.0310928600974508 0.983990421526845 0.234515932195275 6.66765771942504e-10 3.8682391087422e-15 0.924818580481296 0.618821338093321 0.379742471760651 0.0788021225054332 0.0247701498008165 0.574193573953975
-0.0352323892987435 0.153854321294087 0.0976843592114646 0.212720758559066 -0.0815380933272706 -0.071994180859178 0.00209965227422323 -0.0354647320300756 0.0129263684870988 -0.0389459818177631 0.0286484011992792 0.0313289026929916 0.0508059485853472 0.0518430824532966 0.0309252725182913 0.039288488160837 0.0319050607395383 0.0499351436771691 0.0339849703174151 0.0645566356043256 0.221969533100526 4.02788170963897e-06 0.0576806508258527 8.93506883270026e-05 0.00986302707484441 0.0701913834474393 0.947675552831119 0.47940652519104 0.704577787563547 0.547837192000767
0.0595156483340145 0.0431918560162997 0.214177275651701 0.292626349438932 0.0115426710162999 -0.0844896658202809 0.0218310279391953 -0.0681085682777279 0.00825803665626929 0.0394911599671478 0.0286223997414095 0.0417939757680561 0.0324550638312126 0.027302015087093 0.0304648130476904 0.0549552800023102 0.0301513723354116 0.0421908266116195 0.0301417414779474 0.0377597587633292 0.0404311557828569 0.304163821494652 2.78420879902813e-09 9.31591440663303e-18 0.705665380371253 0.1276974919411 0.470914448482481 0.109963557388315 0.784732848524655 0.298429679972395
0.0483357906064415 0.179558306689375 0.113608831320925 0.1830085232711 0.0236089482125332 0.146001019301987 0.0107526715599624 0.00977353552033427 -0.0184279570620742 -0.0700389494789738 0.0412590303950371 0.0377436540732514 0.048370403071253 0.0541767233354413 0.048287757451278 0.0576472821578997 0.0568224140847813 0.0591293064997872 0.0415588651929102 0.0448443838137249 0.244481867129685 7.43191844786804e-06 0.021027159865412 0.00108043163553196 0.626086251316657 0.0130525398141908 0.850336363516658 0.86908574311196 0.658527402749309 0.121839529567012
0.12355504189589 0.0461477329093706 0.312091859735564 0.277369715848663 -0.0693412019232204 -0.0470041858970218 0.00770096154722457 0.0039396092923165 -0.0656127978629017 -0.0668408140587986 0.0602895845280388 0.0299357187875744 0.0311605290110132 0.0357413011665677 0.0388481647254596 0.0334594493666328 0.0310238844000164 0.0420015783726316 0.0500853405815462 0.0402868466310819 0.0433379078668581 0.126689204101377 2.65099522062208e-16 1.26707913876029e-11 0.0776420885941557 0.163519729671697 0.804524384084508 0.92547915472538 0.193522924041573 0.100572148740901
0.174076448377565 0.100916892173443 0.185013633074243 0.269934759511722 0.236216003928358 0.0368155209217729 -0.0135931267704291 -0.0164465632086325 -0.0248960318907557 -0.103312924534749 0.0714753928602845 0.0370889642408473 0.0327184547584262 0.0356589211315357 0.0383992931811695 0.044511132985122 0.05287464108852 0.0345247904962652 0.0444991351328289 0.057872407755353 0.0168435531358259 0.00781412335541304 1.82185874262869e-07 3.11045527326241e-11 2.07968411728658e-08 0.410363371979805 0.797702178748232 0.634965513101546 0.577229144322877 0.0776002865354369
0.0650672519022628 0.0991772826266815 0.116602515587737 0.137496160376554 0.000862441208939576 -0.118677265246475 -0.000274278818633924 -0.0465211793582729 0.0159010137677658 -0.0206011290060869 0.0285055577541915 0.036158919098068 0.0543182710887156 0.0759167046956188 0.0493777145485895 0.046472682212318 0.0346143181654801 0.0589092924612282 0.0725686679262319 0.0428272290933681 0.0248090198517457 0.0073501110528419 0.0345104198019145 0.073454526107277 0.986103356984292 0.0123406174777268 0.993695282864443 0.431773612335705 0.827055228717135 0.631663449433601
0.018621310536887 0.0337890450927144 0.24085448960343 0.28357910854806 -0.0220244518243904 -0.0190714297418989 0.0173727181220452 0.0814857536997935 0.00533251513213255 -0.0346717842641864 0.064633033548648 0.0266580362320707 0.0338508317975612 0.0284900664950478 0.0396583919209732 0.0553857990799276 0.0372241180775449 0.0379912917200039 0.0339375809909035 0.0369485337727445 0.773926316861961 0.208246448871347 2.60277039758813e-10 3.56612394855797e-16 0.580030265559582 0.731395465889676 0.641838057460155 0.0346583824280847 0.875496609746845 0.350560406948547
-0.0253040744272738 0.0383987988221494 0.224819112762779 0.265495576071532 -0.0636120362944511 -0.0209416606759403 -0.0928568057452573 0.0974315762841945 0.0260367951986016 -0.0390755707679671 0.0637192259039584 0.0751120492045651 0.0491922849920881 0.0493881058679618 0.0808868418570427 0.0569389070658078 0.0451247006788011 0.0443177878502663 0.0434966351547305 0.0417923775865572 0.692220372707672 0.610448751449815 1.54531198047805e-05 5.95871587360398e-07 0.433680031812076 0.71389206053714 0.0425036482824236 0.0304800326797786 0.550947718135529 0.352293971951162
0.0622533879800599 0.262184337493972 0.140476663437244 0.123832431160272 0.0104477956056977 0.031641370684352 -0.134635108122426 0.0369908624756017 -0.0279414247096405 -0.0744770696036744 0.0593780430677321 0.0419642352423493 0.092308976763287 0.0608853224934537 0.0486795226115581 0.0709793866095052 0.0562209786662532 0.0364195549031202 0.0405960610864296 0.0521512548334384 0.297250462411898 1.35524256925944e-08 0.131562720726859 0.0449095985068485 0.830546008568506 0.656824891547996 0.0187051141082812 0.312501264805418 0.493047250732479 0.156724868095852
0.20064052634993 0.124943426072163 0.178205826126741 0.190183627824066 0.120389918880942 -0.080169804994262 0.0485749832232751 -0.0364541904064869 0.0226825704366159 -0.0729350172699333 0.0598781653519028 0.0492364632424759 0.0356402048196891 0.0688498300754873 0.0449504975388331 0.0803738692350262 0.0490870646628054 0.0533698605075132 0.078904918708035 0.055292102279371 0.00117909064585133 0.0128814868838056 2.80964211351108e-06 0.00695821779655158 0.00879662364150715 0.321215043197613 0.325038389055567 0.496330920981314 0.774415533767213 0.190486806368216
0.257599166657256 -0.0367190757663424 0.521015029608465 0.415831098731769 0.100552169829799 0.00602265039054169 0.00611707416689857 0.147573257812622 -0.00592544990114468 -0.00430203594674397 0.046264371510345 0.0570499050489546 0.0875771766512001 0.047400924762552 0.0539292287230745 0.102209169375992 0.0492895198279954 0.0535563540383261 0.135761718902407 0.0503318782726366 2.6406554625195e-07 0.521451617884128 5.07696340053712e-08 1.02301124200102e-13 0.0655079201208943 0.953142678833735 0.901508925628477 0.0070932000320474 0.965283309658397 0.932074912495965
0.073380992480521 0.0791996768454944 0.211490460787482 0.247572412776729 -0.00790964063679884 0.0107834549366577 -0.0460879091451734 -0.0573952602310668 0.00993379187213503 -0.0553691730877243 0.0337113789417047 0.0418660637699808 0.0578112024891062 0.0406595046252752 0.0390193006801149 0.0411862986194583 0.040172689482379 0.0307190628349184 0.0393612878669065 0.0293385753773671 0.0321173585742677 0.0617413022383652 0.000427368971293719 2.74485746218746e-08 0.839818504560887 0.794057414922279 0.254321117992018 0.0649606901510661 0.801326957213437 0.0623499471870987
0.000582020196136048 -0.0642457656479299 0.291840623292736 0.11484803765354 0.00378110896501333 -0.0558036389119765 0.0576232785527679 -0.00530719075960212 -0.109293077527049 0.0130652576177694 0.0727378765701837 0.04442253546825 0.0331561794823477 0.0545265432149618 0.0297702457056669 0.0331210230636804 0.0453807847296375 0.045296050880142 0.0783789408861216 0.0516706246655829 0.993633416149296 0.151582802402875 8.88845076405331e-14 0.0379640243847901 0.899216084741088 0.0954841662903655 0.207438970166227 0.906988995170649 0.166623794601145 0.800955678257354
0.0230120213407828 0.104354822470975 0.212366220645921 0.143071772510401 -0.0104555685248919 -0.0677183933698493 -0.0523836433435862 -0.0487208549493575 -0.00838680772624851 -0.13674303185419 0.0449652000771903 0.0392365046985857 0.057300612749976 0.059380904113873 0.0383727835176894 0.0425385611391691 0.0546594286128518 0.0337916435132701 0.0366940641051322 0.0363162252988334 0.61006263011073 0.00926014101823606 0.000363052357401351 0.0180157516693571 0.785882087122638 0.114906967287732 0.340446572270188 0.152829009025699 0.819729183991189 0.00029624308351675
0.129527439612188 -0.0889784945012957 0.075833395331058 0.22775499800362 -0.0448624512058649 0.0231997413029655 0.113745497696154 -0.0396655205761861 0.0436891993106827 -0.101864722798838 0.0763610634639391 0.0659374417006668 0.082575330317485 0.0629657367265758 0.0545186542926382 0.050229278395214 0.0860803531297784 0.0995200109897526 0.0899470933983684 0.108174713879094 0.0932950591962228 0.18058113997339 0.360888130947895 0.000491181668887137 0.412749778183598 0.645284153730976 0.18972162382941 0.691155348050855 0.628345370075045 0.348883153180077
0.0369172940502085 0.134310110494985 0.017442978037709 0.274030409796802 -0.0248968660097798 -0.0208433271733981 0.0642908941459868 0.0055944709172862 0.0484668172520526 -0.0231070468820803 0.0524566689318971 0.0327589162675267 0.0367139208376357 0.0491205586386899 0.0730622117599326 0.0435372085214001 0.0291010452200105 0.0438396359282659 0.0333569165872437 0.063513945750587 0.483394472462611 9.04003428364592e-05 0.635862906250382 2.522267968599e-07 0.734076515365303 0.633279376015318 0.0296971448943146 0.898740604218514 0.149708119530943 0.716852695547793
-0.0709172552955012 0.222106592503734 0.225921475392461 0.384764129357533 -0.1456305109911 -0.0828407648651218 0.0119891104128161 -0.0371264912775888 0.000395714196597048 0.0749629396408993 0.0516107708834712 0.0427550519434571 0.0607338839510746 0.04812574818806 0.0567573173012059 0.0516367703679276 0.0408586363176275 0.047441570666756 0.0595598781329518 0.0439070571813928 0.172829709224003 1.26575612912859e-06 0.000346436140506251 4.17552742416743e-12 0.0119457149637107 0.112152037018871 0.769869787826948 0.435932159801648 0.994713620795254 0.0912122830922609
0.106275730931743 0.0918233674550491 0.19295922444251 0.267447521115574 0.00944133829496635 -0.0764382650633723 0.148889336822397 0.0510044527482501 0.0293534833422148 0.0187737587967915 0.0253003975695867 0.0352753103133139 0.0285968623209162 0.0300521675612536 0.04358727407081 0.0315303737143122 0.0569978276715088 0.0385314619391839 0.0401198998303869 0.0324206563661955 6.25309116666731e-05 0.0108060091041319 1.41567876350803e-09 5.57349213651877e-14 0.829004334510363 0.0173382731149525 0.0105413741964723 0.188952130104363 0.466286710901142 0.563989937336493
-0.0479683157404013 0.120681098397668 0.139435108994937 0.314215660399085 -0.152289236274136 -0.0627399883892184 -0.0547223214335833 0.00657421313835874 0.0144385637612459 0.022479757045643 0.0394970293272179 0.0614062852137819 0.0657157071372602 0.0448057345064494 0.0502496574729729 0.078339447403101 0.0550389110246363 0.0530622296499073 0.0411714370555041 0.0516288155348299 0.227741788818608 0.0524642136467849 0.0366030733470435 4.18030974614855e-10 0.00318603276989602 0.425314067481907 0.322767839932623 0.901673681096781 0.726637671273245 0.664306525367322
0.23403109864623 0.160423613168499 0.290111196378792 0.303178427608468 -0.0335557438493109 0.10580371464188 -0.135815306405055 -0.0799820144855651 -0.0310779520148583 0.0016887965244029 0.0384323351561009 0.0724746151624008 0.0570205788852147 0.049381766420837 0.0381355903289029 0.0592428727587504 0.0471234951847753 0.0318257844456802 0.0629666202835367 0.0818926717502329 2.73863166947513e-08 0.0293901477729193 1.96556876301193e-06 2.1942704292569e-08 0.38125358281426 0.0774783341015235 0.00493903520011975 0.0137466411756937 0.622817611537783 0.983592784744089
-0.0237049888279772 0.0804250373265883 0.174095670397813 0.253027390306516 0.0180433506404417 -0.0434330794287287 0.105035202841909 -0.292695623022775 0.111254006204608 0.0150371683120396 0.0367449180955668 0.0503907958522287 0.0587289149229947 0.0344179790656036 0.0635584547812152 0.0442688226639457 0.0717660173967383 0.0577837298399267 0.0517611880857377 0.048683605402172 0.520488715726233 0.113988520444367 0.00388123568977959 8.65537475436227e-11 0.777149872431478 0.329163081959674 0.146793081990643 2.15461256680181e-06 0.0342880992605794 0.758130179752798
0.0614248760681719 -0.11704983421006 -0.00167779621927732 0.22239936075258 0.0132317472819896 0.0730950074236656 0.0166563016451763 -0.123400394499764 -0.0632312420637478 -0.016921015320558 0.0471529391537203 0.0545585897239816 0.0923328214586668 0.0491698850908712 0.0514610698659862 0.0563119318082602 0.0642718010785153 0.0482259560114264 0.0363134901163227 0.0474276985298891 0.196009747780697 0.0346136508053419 0.985542518262056 1.85355337829041e-05 0.797671905841678 0.197591114490643 0.796108166714848 0.0121734984604218 0.0850550143401923 0.722095405898061
0.0145911032249234 0.198890828791832 0.203776263702565 0.303250174977866 0.0516505925727397 0.024834076727897 0.0522162782801932 0.0335304294305315 0.0268504430712562 -0.08804535156191 0.0275160605424074 0.033154528296519 0.0367295206980534 0.0339469938206976 0.0354514452913198 0.0352302986749917 0.0279360997760402 0.036597444949239 0.034606408647473 0.0366163122461424 0.597226593172043 4.08199544109544e-08 2.87508236407919e-07 4.74456615840993e-14 0.148613428033782 0.482688513693561 0.0648564685463378 0.362012607086975 0.439853570556342 0.0182416108711094
0.0841526000333306 0.0859424336897689 0.120150504462843 0.356939279662378 -0.0247359701424535 -0.11788168364655 -0.0948860849204299 0.0245461235163537 -0.00705980804692866 -0.00998255643155703 0.0517983382726557 0.0676454454287697 0.0597321910884341 0.0480804731443225 0.0559322303345041 0.0540127415924179 0.0495411988600729 0.0848578789482275 0.0662922664027419 0.0419355701340137 0.107740819321765 0.207186876487863 0.0472652420538268 6.17470097186213e-11 0.6593700204908 0.0316778915636475 0.0586300794250327 0.773046498462888 0.91542648560542 0.812387243151988
0.138061405211298 0.192302595557735 0.193452657111525 0.279018130745508 -0.0298053104779709 -0.0223683906876163 -0.0054338896437746 -0.122123853609914 0.0363040567982417 -0.0726945306760646 0.0390270249425408 0.0359186570431916 0.0277439786232792 0.0417586604225756 0.038824135621807 0.0401981240782517 0.0277075835197832 0.0368954514486136 0.0312468662100164 0.0369561293791086 0.000640884826615575 6.53108202770396e-07 5.03000817512576e-10 1.91265320452375e-09 0.444674597479064 0.579281785215314 0.844961818354326 0.00134326499265167 0.248369822918556 0.0522575457389072
-0.104095325006452 0.137977090949529 0.151560119692912 0.210324123681588 0.105643737713387 -0.114662980392168 0.0199853127559309 0.0460337486891435 0.0985696387631263 -0.0108861980081419 0.0507549157657068 0.0382331261555281 0.0517809383710331 0.051832071224078 0.0505750698633875 0.0391205966578063 0.0409696521629608 0.0565996235262686 0.0379403809752284 0.0314219520078722 0.0431802348179968 0.000505079187422625 0.0043336375435872 0.00010533352763606 0.0395447034244501 0.0042822744821531 0.626872284718812 0.418179628666407 0.0109542826725762 0.729811729789104
0.096428436082367 0.104756509037897 0.13459558536538 0.269101477796612 0.0253223209574433 -0.0194810486090314 -0.0276051260048729 0.0690696339772688 0.0437233093854342 0.00617574966033449 0.07379088609467 0.0411428069863864 0.0380571494148028 0.0311920234738234 0.0384201040794874 0.0347968492967517 0.0489089658570021 0.0367824357085208 0.0428261929655302 0.0230301015573022 0.194616816605679 0.0125913461970977 0.000642833955295911 2.0512543099837e-13 0.511520569962103 0.576971901147935 0.573873330281652 0.0636484733379242 0.310015687731661 0.789189904777406
-0.0447539430477713 0.0286310333522708 0.15879462503401 0.231221342571997 -0.0585302163973129 -0.0580452112057272 0.00477261878440072 -0.0416832876837578 -0.0828577664570675 -0.0427822096175503 0.0398893026951229 0.0572194972674998 0.0347845140589384 0.0366288841041228 0.0419461155129346 0.0431859887031719 0.0456905110240275 0.0656011724367563 0.0431668340697614 0.0455904400572531 0.264866632108518 0.618034549099965 1.57619946854407e-05 1.0147001754934e-08 0.166338802426638 0.182302507622928 0.917040423638374 0.526776848115821 0.0580919585249884 0.350548877337763
0.0458392420977703 0.219260656113124 0.0700860287312236 0.19565115545887 0.0482349520263532 -0.0212355687351821 0.0373417757804044 -0.0711171356591693 0.00398807852008455 -0.0153231890386183 0.0256496281578058 0.0732992234963772 0.0745513521137315 0.0610463989749801 0.0373587637912868 0.0336804107674593 0.0282968987532335 0.035560600416512 0.0243543721502841 0.0315888838845698 0.0772828806939741 0.00358345763074593 0.34968055850776 0.00186965575465949 0.199965731988944 0.529963890393853 0.190301645059729 0.0485275459553663 0.87029350829631 0.628797057896408
0.0790771640629954 0.0130623942921734 0.150204237080179 0.320374879088424 0.0316902004319159 -0.0449340447191006 0.0575370181018378 -0.143173366714194 -0.0143893277607603 0.00613527524192549 0.0348508008415502 0.0253796658575494 0.0490930459824968 0.0224958684817069 0.0251386174627201 0.0430831845371343 0.0341316522348475 0.0235423689596314 0.0301478417728493 0.0444556031325803 0.0256572405487642 0.608038649679346 0.00292028750959504 8.81348496213411e-25 0.210704831779392 0.299760189623499 0.0953104778716645 2.83611469676431e-08 0.6343111428654 0.890541577672451
0.0313310566256 0.0593482771647422 0.144140880409445 0.275060553724092 -0.0381997318107049 0.00545720061999758 0.0204209980667912 -0.0115608268746348 -0.047627862644533 0.0452086049122102 0.0370186414456468 0.0422465094389362 0.0386930032602408 0.0471174371219492 0.0311043570678442 0.0401578201704527 0.0360635938559487 0.0255371849536204 0.051988410257355 0.04039095011735 0.399597350508059 0.163520172010682 0.000340096361354686 8.25908364733281e-08 0.222605846244022 0.892208697905245 0.572633363159914 0.651850154147558 0.36204978894884 0.266000902934792
