0.0419674523859914 0.089105787529886 0.0245178514172717 0.261253859724216 -0.0249024022483384 0.000309214115994692 0.0361233148650317 -0.0194969458774921 0.0514882371245173 -0.0654085758443282 0.044752694703068 0.0599502254637203 0.0516466510257479 0.0394862310294907 0.0698464117221087 0.0883006195076486 0.0521776970017456 0.0451893701862574 0.0436665262164228 0.0595534152780949 0.350875634306116 0.140686822026667 0.636134366712725 2.57562149550458e-09 0.722277531075123 0.997213696782343 0.490522980560017 0.667173075415883 0.241456675804174 0.274995358620081
0.0935246040535193 0.210279737778701 0.118206692505126 0.281200661746147 -0.03169865598121 0.0393475342327859 0.0759289527959334 -0.0107377652697151 -0.130634190815488 0.00572933363234909 0.0561945675001746 0.061863712833001 0.0430513808491712 0.0445958269616711 0.0427388296076119 0.0583715574672079 0.0437727283003844 0.065509294943696 0.0479249857897406 0.0491229784592017 0.0995306012412326 0.00100928531678159 0.00729061470737848 1.04702299671307e-08 0.460210608349212 0.50198342296088 0.0862320600249305 0.870167892180066 0.00770869527139858 0.907411185351943
0.149250093211179 0.134326404815761 0.160742584569552 0.264772252817026 0.0475759428752627 -0.026151765539518 -0.0116401980032298 -0.00337914461505235 -0.0462492368688362 0.0324547362246818 0.0396342479532857 0.0587384173433285 0.0315019661179978 0.0679221898779671 0.0481654797432401 0.0380289426372172 0.0475402444896917 0.0390808292310057 0.085190627037774 0.0662195020371822 0.000295892949870582 0.0245495168677376 1.85009803350718e-06 0.000186305198119003 0.325918242924857 0.493422428062372 0.807130477867152 0.931288434144775 0.588546732640031 0.625249831518936
-0.000168389502841637 0.100753780831643 0.192426884344756 0.302000199912881 0.00874430148553308 0.040847031427886 0.0906206425569564 -0.0794273209077808 0.0015918800680667 -0.0424786123861044 0.0580757507898637 0.0339055804950538 0.033298809079573 0.0631955277031773 0.0603533644661173 0.0349111615560917 0.051534523299461 0.0415698639677287 0.0827298481972726 0.0617253943538143 0.997692969802353 0.00379936589739365 1.06688020900172e-07 6.8252200918851e-06 0.885125583514606 0.2450788202593 0.0820710971566991 0.0592272143687549 0.984690721149925 0.493105045736526
0.114109139809704 0.0452044759501012 0.279960148560273 0.293265705378559 -0.0289095259499805 0.0126259277850756 -0.00802338644781966 0.148859883683383 0.252193848201122 0.27995903595834 0.037244357397668 0.0410697532106515 0.0582290701280459 0.0651574125942772 0.0609827031153789 0.0462207668122804 0.0420497688792723 0.071088142556082 0.0721614945284321 0.0774448328331918 0.00288334213367245 0.273973038946296 6.08088642785841e-06 2.01862910941144e-05 0.636604444190459 0.785351698084918 0.849106637797035 0.039070107802736 0.000738193868411364 0.000494797542822281
0.0814927969760548 -0.0222063247145511 0.146416946902985 0.319410870773734 0.00149462250294482 0.0791142638578403 -0.0114763978868812 0.0323971106973149 0.0357638850624662 -0.14249021431593 0.0529342920875442 0.0460628520941255 0.054484178969453 0.0521341216159572 0.0572621611883097 0.0540225839173017 0.0439070447304701 0.0388201117420982 0.0468063607927384 0.0440473424661685 0.127188841682939 0.630914129029029 0.00857924436384232 2.32203101138645e-08 0.97923424929971 0.14655095518662 0.794397141948604 0.406183960497047 0.446817131773587 0.00170252328804565
-0.0365571747619648 0.0856365458294238 0.145775609276529 0.509348565671795 0.00425950749289831 0.0352017864691685 -0.0446114790998919 0.0932218011653884 0.0299745697675201 0.0649388407568904 0.0556216730554106 0.0629097644617991 0.0410838990567944 0.0334857299914067 0.0370681495988255 0.0436130825829654 0.0713694277849923 0.0496327028228834 0.0362572021028445 0.0393903633588537 0.512699474970816 0.17683003235563 0.000618578652629892 1.31431713378628e-26 0.908772302825835 0.421714806036799 0.533501355980364 0.063586891432998 0.410581990514321 0.102716851989217
0.0271753799035847 -0.0288204602349981 0.0910192492611927 0.150139637048731 0.0890408079429388 -0.037379014359075 0.00824039247993272 -0.103566665352551 0.203884928019612 -0.0204981047324844 0.0385230937783326 0.0539596523370772 0.0605765305746329 0.0604382120182501 0.0532613433448571 0.0568103173646179 0.0711025604933074 0.055286613193309 0.0636756656155048 0.0323776613869075 0.48236397935821 0.594581393489189 0.136455969019938 0.0148353919258107 0.0980428408535616 0.512242192164859 0.907994393106885 0.0642769163269074 0.0018873752792601 0.528277658866402
0.100344151915105 0.0918012331850473 0.149179716944509 0.466837964449965 0.0106288505090884 -0.150375564445273 -0.0212589226632299 -0.0156644381761795 -0.0205173321709502 0.0564187161969428 0.0372745835136591 0.0354033297086269 0.0702176413588148 0.0826587876863608 0.0363441619852378 0.0697931140094948 0.047713309706016 0.0490780631373934 0.0986387884052087 0.0672218686457156 0.00846839212697097 0.0111034150376842 0.0363671193559963 1.87699475519749e-07 0.770615716988735 0.0338646137444364 0.65698836833142 0.750334255009054 0.835695273419089 0.40352981252462
0.00467648937237619 0.148374759481188 -0.0155115214439295 0.302837492353991 -0.0457144459075144 0.378936688480831 -0.0270341128787568 -0.060863452089055 0.0166724400458789 -0.00627659553801252 0.0595411266347756 0.0440675532553152 0.0858584997191916 0.0460338487205269 0.0516002809850698 0.0719964836055363 0.0532678486431088 0.0585455894140677 0.0300674615146908 0.0443671430019749 0.93757115010616 0.00111941474470695 0.857037690874235 3.05738753085258e-09 0.378014122461025 9.53228190375683e-07 0.613036529273763 0.301314911665269 0.580611310287377 0.887815272848583
0.014182594070996 0.133884561965533 0.154196992844668 0.17190501414893 -0.00540474589148116 0.0343075422708355 0.0413478030113533 -0.0510702704006882 -0.288555265690023 -0.033316649107588 0.0408842275683687 0.0499995856351793 0.0475807490086498 0.107369458771602 0.0585675809861639 0.0491266543755111 0.0551153199586501 0.060711025343486 0.0824726503428378 0.0576018174410768 0.729478912287491 0.00881034083987386 0.00167178933561135 0.112867947526523 0.926678925079729 0.486759600276679 0.455087865114086 0.402463971342778 0.000728654034289011 0.564441498763742
0.00321598668121796 0.119967920511847 0.0314011852722969 0.289763718907916 0.000944177265957277 -0.137808721273536 0.0616415670432025 -0.0473907973094269 -0.0229687830184811 -0.00775092232230345 0.0519833902543213 0.0399884386655474 0.0529790051179159 0.0386668516121886 0.093749952370694 0.0425943712645897 0.0514265743462723 0.0486274953224749 0.0437711680772523 0.0375506291012752 0.950806998873986 0.00349123649764672 0.554861620223747 4.44598687659948e-11 0.991986748510273 0.00170017359900917 0.233817492056235 0.332386814495593 0.601049371883287 0.836934885421853
0.0511332097160516 0.190599826903167 0.0145653381427981 0.219112233855165 -0.105784371856179 -0.0331025656176295 -0.233587001337423 -0.149395290401542 0.00441250997109051 -0.0606522470194741 0.0581467944105769 0.098795356413892 0.0634895083087908 0.0568063802408528 0.0623203161137823 0.0395749007347884 0.0680390528888906 0.0784854156139138 0.0608107165747547 0.0822824709549454 0.381536456585599 0.0568518485532614 0.819068250292893 0.000215202421889883 0.0930709803193359 0.405115217095628 0.000903640890857514 0.0601739610244104 0.942316168990765 0.462965290646168
0.050386629477272 0.107593939171217 0.240138333506965 0.347003267439002 -0.00450999317971947 0.00586579070490074 -0.0173505662750947 0.0663662670329344 -0.0209643040601401 -0.0149846434563742 0.0661476876319542 0.0490742295388231 0.0689710832019105 0.0370195527252411 0.0461652700769234 0.0392596617500506 0.0498018715241452 0.0418346520421441 0.0471074204521285 0.0857065309030194 0.448213110058563 0.0309247843328845 0.000770789243227907 5.74287882243952e-15 0.922393837238665 0.881564328694635 0.72835955280329 0.11615722738475 0.657365222922289 0.86160070365021
-0.0622692559604226 0.0213229020013616 0.122294280801353 0.231297019874136 0.0331534820198717 0.021685012303124 -0.00461931828904573 -0.0265871109324211 0.12913452624599 -0.119511875691783 0.0689438795162286 0.0408895102028719 0.0779960674492002 0.052895112231822 0.0675075248070109 0.0885833206666616 0.045983044712697 0.0387975120106876 0.0514981973351676 0.0520840196417041 0.368837415800127 0.603316065483692 0.120401156036316 3.28781718103516e-05 0.624545548037983 0.807170181885956 0.920204971820393 0.494929300238183 0.0139503097975149 0.0240821150783309
0.110335235912177 0.124870979199203 0.220019472250467 0.145696851609432 0.0255920064186392 0.00927406351974693 0.00852109832088005 -0.0775118160689518 0.000312125001591922 -0.139236823256668 0.0416122241597769 0.0428222002853578 0.0563116061591613 0.045722720032633 0.040847111707297 0.0487183362029526 0.0512306571136222 0.0547271133085868 0.0421758444260236 0.0599393575206777 0.00946903512505546 0.00447436912223516 0.000180472155320044 0.00197988040819934 0.532552290267957 0.849455104008491 0.868271845053794 0.160129882513584 0.994111638351659 0.0224356679442246
0.00471556493904476 0.108507835441802 0.173111821309256 0.18172725758008 0.194855067883364 0.0134772702576545 0.0456523645136963 0.0533702985386667 -0.0458455946940991 -0.0544564791847831 0.0646430495981895 0.0631889871344527 0.0546173638017001 0.0489604014283496 0.0459089894042107 0.0478423837923935 0.0618238594052103 0.0431493180980289 0.0388386190839178 0.0618858985809468 0.942009573988456 0.0893829105707025 0.00208686808177744 0.000356232423117235 5.31689622110139e-05 0.778819131805385 0.462176693548954 0.219351397805408 0.240946544310865 0.381230152808765
0.00539336582240465 0.0357274985376497 0.240778953441221 0.105188778167584 0.0245516952659553 0.020063338429341 -0.0155549520086217 -0.108090653391165 0.0154455514514932 -0.0726730660266108 0.0356005208298503 0.0462036698076719 0.0902374409246102 0.0625648406399743 0.049489209262154 0.072664287610613 0.045098164456221 0.0489064532700655 0.0380254940473054 0.0468227531853956 0.879922887371103 0.44139413041017 0.00904247193101856 0.0961765420497708 0.62103186138501 0.783096591233469 0.730964378418805 0.0296308918714046 0.685567654306324 0.124150554475902
0.0288221821933421 0.066967484774584 -0.0698539984553445 0.32693217550927 0.0241087158024272 0.016022333435262 0.00623593790393751 -0.0121927024023587 -0.129898986731331 0.020399089758916 0.0369415397463317 0.0396128745623646 0.0597540917658704 0.038206546206771 0.0478985238628543 0.0487464360354587 0.0536079527199886 0.036704544343516 0.0624988097172033 0.0335330043251944 0.437314045068401 0.0943837970539677 0.245480727609359 2.87055264798635e-13 0.615962659851091 0.743155641904785 0.907654253414657 0.740521912579649 0.0405173059968151 0.544501694197497
0.200523784173779 0.26570413177621 0.19790634231256 0.261858189387521 -0.07690766272904 0.0102786880007668 -0.0449041292071542 0.0775635963448914 -0.137820868817567 0.0458183297056178 0.0471438060008553 0.0266035222545017 0.0391342670982153 0.0539247877492613 0.052843184656615 0.0563142442557563 0.0439884860484391 0.0559201800858574 0.0463254373160424 0.0375130786336929 5.14071259373144e-05 3.03171218780394e-16 2.22841083580974e-06 5.02029821130136e-06 0.149039467579921 0.85558221938836 0.310078042047586 0.168854769448026 0.00376062312495318 0.225125883595603
0.0810977184691342 0.134486468571717 0.0976105292018073 -0.105242259242833 0.00653097919707447 0.0611017645945611 -0.0187642562733652 0.0522252439061629 -0.063187553125964 -0.0369512755668966 0.0324632662844305 0.0853171391538885 0.0746949721929076 0.103799214840056 0.063672180830415 0.0709647609370037 0.0486106377005444 0.0404836985665232 0.0491945889272372 0.0461853948459022 0.0143010618170741 0.118462545699878 0.194613864923223 0.313347412423217 0.918530910286915 0.391517537680995 0.700399279804918 0.200344588910519 0.202284013268242 0.425780434684988
0.0406481025741981 0.116372898806595 0.165673150330104 0.120248070124684 -0.0625478165220044 -0.0370667440491116 0.014384452354735 0.0359078663431643 0.0736455260700127 0.11275364300067 0.0508245001779372 0.038001749068334 0.0508893017694369 0.0643610725202195 0.0427191277415341 0.0455957609193904 0.048014042722855 0.0419109064953002 0.0677147690881475 0.0801859567843336 0.425947772299716 0.00289638159601533 0.00159574677602647 0.0649687041166342 0.146633355003665 0.418396199943402 0.765181890597036 0.393849419464283 0.279682663950607 0.163122264826145
0.0937930402418826 0.0484984836640696 0.193900296222711 0.322012854996 0.0791910239215203 0.176416112318682 0.0169705668758121 0.0673366879807583 0.0668607097571113 0.181139080571019 0.0404219201957591 0.0465346926741601 0.0510946868974618 0.0535384995321261 0.0509633733309468 0.0494304480929762 0.0463915805802866 0.0566527652304231 0.0511265869784216 0.0672799213842507 0.0225829381445557 0.300110196926283 0.000267404366268844 3.80961845316903e-08 0.123722381074474 0.000577267268275329 0.715364268299728 0.237729424126361 0.194289341046419 0.00846149788135887
-0.0604177504721605 0.0728330609439439 0.216592385707731 0.153253601280927 -0.0856214927914718 -0.0841169345485031 0.159844480437312 -0.0487374262522439 -0.106332776903304 -0.00183099979168973 0.0350544503853766 0.0631536452871421 0.0393167762904786 0.0604889704342359 0.0504599804020758 0.0362944484923935 0.0742419667326959 0.054536868468599 0.0465326894261228 0.0540810028789447 0.0882247193477856 0.25185417813819 3.39536323952069e-07 0.0130207094663617 0.093186782996904 0.0227376032173433 0.0339915025074189 0.373887259703411 0.0246555504310028 0.973066463246351
0.151604267479219 0.00615343372130469 0.194105343106281 0.25944098748375 -0.125236891532128 -0.0817826152873011 0.0787574776968755 -0.0931812167012312 0.0407499289758304 -0.0669600976981084 0.0503910684020841 0.0585057303998984 0.0460564443539889 0.0377199747020766 0.0547401006403338 0.0592872078155242 0.0429596998505552 0.0674717213448498 0.0408074083077924 0.0701492330146383 0.00340392362910734 0.916469733269715 5.93897598699554e-05 7.78088969198566e-10 0.0244894289474407 0.171179862890733 0.0700655936378764 0.17068594891727 0.320669953769192 0.342368280898807
0.107714034497365 0.0970066463844036 0.257914039917013 0.160899067742896 0.0324289624449326 -0.0271570048753729 0.253660744765096 -0.0172958601399139 0.0778598524248491 0.0679489409757682 0.0407538116987045 0.0567737264519029 0.0422078977064554 0.0578640940927369 0.0521781493402691 0.0488620738357681 0.0635856674881016 0.0582220024339973 0.0618387911660874 0.0506274390676577 0.00969126824312683 0.0909617417354818 2.49421359294782e-08 0.00660676548869861 0.535838735635209 0.579734142068851 0.000134776051416216 0.767099584357155 0.21125807948428 0.182927725692318
0.0709590568430992 0.109620413341497 0.18836912523018 0.279991640444155 0.015691579316121 -0.153912420052906 0.102909524590767 0.0155652892995815 -0.180169962986157 0.050598669796492 0.0387283626478831 0.0341125909373285 0.0423132763998898 0.0749378102251382 0.0482782175533678 0.0575089948513602 0.0594452530211626 0.0701450338438599 0.0567383006597463 0.0444186580561507 0.0702252352489969 0.00182059685305152 2.4358630657471e-05 0.000327402275095249 0.745917243291451 0.00884431544070141 0.0868491947807041 0.824893294638931 0.00204901285227438 0.257671422230318
-0.0085233463728601 0.191223766634597 0.237802082035059 0.27093631152252 -0.00673869459730301 -0.0401284431578509 -0.0115038477623111 0.116042492552747 -0.148864539700944 -0.108260873662625 0.0412814449006057 0.0513690152129863 0.0544253925956029 0.0820330831769382 0.0575913335740224 0.0409236457610994 0.0366093802852117 0.0732915895424946 0.0438895214314907 0.0656747296752583 0.836890806409274 0.000343253143804589 3.33061992840368e-05 0.00137448897574451 0.907113773853346 0.329434099419419 0.754071902701935 0.116861230752318 0.00103332887675102 0.102749082013977
0.00139261760488787 0.057524317535692 0.143343290919344 0.296161378075697 -0.135096861173515 0.0256354187777004 0.096424319553154 0.152533187692384 -0.0228790207172738 0.0399713407336457 0.067475384741019 0.0618461867692233 0.0710569150986492 0.0315918911247839 0.0489882544790128 0.0432948026099629 0.042015655171994 0.117720262681739 0.047631308853552 0.0367748047054464 0.983579398929595 0.35479758062873 0.0466430552994806 5.71300075012977e-15 0.00704813510944618 0.55525948502711 0.0240603328493381 0.198383273900298 0.632154137847379 0.279973773615198
-0.106531979363922 0.108415386223577 0.2741418454094 0.253328948986836 0.00823138371469672 -0.0330924615171653 0.0589249740681092 0.00850673674077031 0.0583657936828118 -0.00689867685993979 0.0837929474744434 0.045280741715512 0.044075479380037 0.0633647342035104 0.0587585808857021 0.0813949809662185 0.0504007040413908 0.0562265097376199 0.0771608932769969 0.0400576726257709 0.206872358758352 0.0187269099171704 1.5352980202771e-08 0.000130654493625412 0.888903343851664 0.685291695666213 0.245438461581678 0.880082364827826 0.451374853155119 0.863652339736441
-0.0143507459368859 0.0986359021699822 0.186741004195166 -0.0327529357525207 0.0851835847146701 0.0103736090043986 -0.0161028566173831 0.0591156743901616 0.034583374691538 0.0295968546694217 0.0527192886002472 0.0654792622021649 0.039284231693635 0.072362313456892 0.0631069188261223 0.0358822231537883 0.0497719120140163 0.0558548357447615 0.0442880582929697 0.0572438639156389 0.786083658753563 0.135474537214923 7.54215377295225e-06 0.651908546809321 0.180455966106635 0.773168498662062 0.747042191872904 0.292714371038138 0.436925987087537 0.606402803964653
-0.00591642016501462 0.15593591009253 0.239150586307015 0.226519677716221 0.011205261862834 0.0299122312659599 0.00825318859926684 0.0351670560276631 0.00165191822814116 -0.0634414291658894 0.0396832763823382 0.054137788129048 0.0936750551643823 0.0484145454460487 0.0573111101811025 0.0411975406763726 0.0476452391069506 0.048149205185645 0.0471534537650226 0.0556532019357496 0.881815382883711 0.00496434501492445 0.0123643596037154 1.01255042731601e-05 0.845429442337899 0.469680866647252 0.862866169724554 0.467056972152773 0.972131157197058 0.257335099383902
0.0703316304014271 0.0173176221420038 0.0739194770925151 0.247873931584638 0.00387321237220321 0.0429145111506189 0.039166882023725 -0.0032735215008573 0.0213383067621989 0.0950431732227135 0.0439298379494128 0.0626147253187505 0.0402750489464459 0.0488823541433846 0.0514093292734247 0.0568407404002384 0.0477602607997691 0.0498312868834363 0.0485949634462636 0.0697328462924282 0.112881594732485 0.782741187312051 0.0697541925577542 2.10708391756862e-06 0.940110894151646 0.452222812342791 0.414341339230622 0.947768671700161 0.66163765887866 0.176295090761819
-0.0715655060500846 0.126361538868983 0.188926222402659 0.261224844608007 -0.0224584118099358 -0.0707154630354042 0.043162599522964 -0.0535651182284384 -0.0869331291153499 -0.0602992563338021 0.058041857976355 0.0327518386321244 0.0538834377825552 0.0653445770965066 0.0402773310752957 0.0539691491888158 0.0885877443786659 0.0303371837752085 0.057649613330744 0.0438535278095079 0.220787324629406 0.000214468340419249 0.000711070854049199 0.000130793664079585 0.578505690486096 0.193430567151261 0.627280039975274 0.0808445521303821 0.135067988740788 0.172540215840276
0.0423674091633194 0.108702926197728 -0.120510461373625 0.291739759106589 0.0221580712993666 0.00247669592592348 -0.0278418007225938 0.0176573663721289 -0.0660776298652748 0.0603108460666539 0.0444524381807526 0.0324976326778218 0.0651563658394034 0.058041223945043 0.0709449223009274 0.067453575641944 0.0592611502753852 0.0347464363680282 0.0643941573310976 0.0500878215268633 0.343094591942214 0.00120145807458219 0.0676593983155094 2.5251049155576e-06 0.755513905000411 0.970791936116033 0.639623281705231 0.612571999463761 0.307574165725178 0.23170739382609
-0.0176195634284922 0.154250342058606 0.213617045744739 0.277678388248766 -0.0353279800174185 -0.0131877066419449 0.0374682466590238 -0.0661654458529329 -0.00997643755439636 -0.0533074913957244 0.0387053039998691 0.0474330906841818 0.063453576317271 0.0386266816773765 0.0715249371956122 0.0273547169215655 0.060375197855544 0.062554928994143 0.0449979404354243 0.0357380094619117 0.650044759663349 0.00161393567549103 0.00112112684570046 1.84919050370568e-10 0.622562215434853 0.630905338501802 0.536437787927154 0.293014983961341 0.825042898311371 0.139296007183901
-0.118116018257072 0.137895264372593 0.108058839256763 0.249901712263784 -0.0460794416153708 0.0829726247814676 0.00119141758408278 0.0895906545136986 0.0241249138697996 0.137392888026382 0.0467159317511822 0.0497849965073505 0.0664533372361665 0.0517021800879244 0.0488631189413859 0.0535135214318448 0.0437363163079258 0.0745871620947676 0.0420538107574076 0.0459381643135692 0.0132015529796736 0.00681211583269558 0.107428014063997 5.49216661274998e-06 0.348189596380621 0.124531447163031 0.978327889324713 0.232843084236414 0.567623489344201 0.00358865322152974
0.188482161874168 0.0402062766731217 0.218486215684305 0.30045575997147 -0.111205500235988 -0.0942945612432275 0.032830086882781 -0.00368452713602614 -0.0831182694261421 -0.00230088191351753 0.0738318329971757 0.0545588719885224 0.0577243999987146 0.0422652590333882 0.048358112748122 0.0544518793531159 0.0392306008224286 0.077690235186081 0.0306795578747972 0.0450372536569078 0.0123684181946642 0.463079373907178 0.000276775889368565 2.68069790107579e-10 0.0237827822476867 0.0867524965289126 0.404894067372312 0.962278891239559 0.00807314703996225 0.959368284445745
0.0614924687342693 0.0430803031688805 0.209194571429351 0.249439312233632 -0.0800475189844687 -0.015659470794162 0.00998046282942515 -0.091210418353793 0.00856584928643628 0.0577467634187991 0.0432738790688354 0.062309199849707 0.0532479222407805 0.0584430237729707 0.0383866565400937 0.0473313709127913 0.0624649324800905 0.0455544969041518 0.0404903134880836 0.0362794015491846 0.158770425928069 0.491096641721688 0.0001672401766323 4.86842277964891e-05 0.0398739929736958 0.74152862802634 0.873414742546446 0.0482705539074275 0.832934064376315 0.114953399899731
0.0375176061090318 0.0650489757101358 0.147194924432002 0.341697116871788 -0.18079912331539 0.0573775516923773 0.0178578674686279 -0.0642225579824295 -0.0782001245282967 -0.00917041450975061 0.0495884798687004 0.0658942000441737 0.115401168005378 0.0421490874293117 0.0788574521740858 0.0601877944073896 0.0284522723050835 0.0555103583105877 0.0557727659961759 0.0504789945708791 0.451278068962944 0.326204369508128 0.205412540999504 2.45435764114258e-12 0.0241939705640822 0.342987045820759 0.531827149000563 0.25035543916313 0.16431905045327 0.85625186524155
0.0878563725694803 0.0653844908807481 0.114671577822866 0.284313333801174 0.03649721501106 0.105679087201041 -0.0367640418819865 0.0223614292906189 -0.0651457547143536 0.0335155759774643 0.0635341748199194 0.0496049804934632 0.0479746734171056 0.0479092119812202 0.0674867533688869 0.0597887338416591 0.0590867985578902 0.0486648393578432 0.0487882681376478 0.0551890175574135 0.170141249891226 0.190814042275054 0.0189214619902277 5.41679030631356e-08 0.589977576618905 0.0805268937938453 0.535380909962903 0.646984101495013 0.185153842694792 0.545189581611752
0.0287409825151507 0.119487143441586 0.184418450329815 0.335593619621183 -0.0339786868256989 0.0771969409628323 -0.0316444400970551 0.0835176318054 0.334736079082819 -0.0201823122963382 0.0377813233348577 0.0442276266850678 0.0412298457279158 0.0533050624558487 0.0329857676663293 0.0485574220798238 0.0574638978638381 0.0672306665275327 0.0932880774588679 0.0399884463876882 0.448813195904508 0.00824551615602156 2.24672782394995e-05 1.09406232455642e-08 0.305722766076697 0.115385092059131 0.58321477852454 0.217369724449071 0.000541315751855258 0.615000580397276
0.0490682584883702 0.115871305397111 0.13151766454149 0.263748687156342 0.0828217760169373 0.0325500711547343 -0.0206005106142736 0.0511356983557549 -0.00270755161519089 -0.013043348121977 0.0557985503973042 0.0447074698705057 0.0640657310088087 0.050229051403992 0.0446262692547055 0.0412165817997108 0.0416447210089054 0.0536972613450092 0.0509449180882689 0.0390410535471714 0.381535964908255 0.0111408179795422 0.0429899856790748 1.00342049066016e-06 0.0667407386721737 0.431759810211138 0.622036515200356 0.343497346587871 0.957732855392702 0.73908651970253
0.018290974195089 0.110117055253931 0.162202824326719 0.339600830513565 -0.00975515127037766 0.115920179038763 -0.00898232981039308 -0.000636576026842834 0.0348665322382052 -0.00744246574310948 0.0469138465221991 0.0673585533543257 0.0361218185981396 0.0453526072159184 0.0637425450985693 0.0362510808330626 0.0495294580758021 0.0479286134654102 0.0427672081985614 0.0386504538102267 0.697543222783142 0.105586298596017 2.1011025698046e-05 4.56954566410231e-11 0.878709429525621 0.0019123524432461 0.856498087340345 0.989432403647996 0.417073915588267 0.847738746576995
0.11627354607966 0.0166119820355293 0.230312115385898 0.326664020864665 -0.0559632076398118 0.0267065935714175 0.0643389596297271 -0.135266306503785 -0.110663994381589 -0.0597064851769071 0.0388170434246351 0.0798530511651844 0.0516125818376534 0.0771806934757036 0.0641968870322532 0.0527879742068133 0.0679511797822802 0.0471802810424066 0.0527287848449332 0.0484035517709757 0.00353983132223399 0.835674103149023 2.33971200979197e-05 5.55723877769038e-05 0.385668013955887 0.614148425001534 0.346255136192117 0.00515991225350143 0.0386408815120677 0.220595662504068
0.105501060489238 0.221379224443336 0.142881463228336 0.295798984001117 0.00622078455960337 0.0354028629758462 -0.0745367917793218 -0.0607449201693646 -0.0146203517150113 -0.130991269088403 0.0695672080964693 0.0471605464466812 0.0562697728283293 0.0377872242594622 0.0363929286745336 0.0554211811867775 0.0452678977068575 0.0493408076672285 0.04464436400212 0.0537088818266617 0.13288897205807 9.5315768908962e-06 0.0128266434971424 9.20855730255898e-12 0.86465946603563 0.524577615577169 0.103133998765132 0.221481998366948 0.744061756213172 0.0166942031373698
-0.0848344934737338 -0.0351246216660773 0.235394611578237 0.250116347230681 0.0273179820465176 -0.0464464416522639 -0.00235338226152676 -0.021847348397049 -0.029009145470956 0.0379748623199245 0.039760900733301 0.0674914783906645 0.0600826956141986 0.0429218194694977 0.0615808630603966 0.0679426305256604 0.0562118413219034 0.0528263260377931 0.0573025270663526 0.0363884727532445 0.0355945285342359 0.604041523519815 0.00017379126825418 8.64535073921003e-08 0.658388105896784 0.495976062395465 0.96669801568035 0.68017335370964 0.613922205390356 0.299467436440286
-0.0107514869196005 0.114016260613707 0.128642611418074 0.251323098082008 0.0128294321579564 0.0232983504209568 -0.0665490676229417 0.0376213418869863 -0.128896026492076 0.0763724487397754 0.0539311669514524 0.0563479309355566 0.0438299645119929 0.0664656002792727 0.0471436232486609 0.0639236087961202 0.043828680346788 0.0436730597796669 0.0739264154814356 0.0445592769828957 0.842434201553977 0.0459948078818507 0.00423197089046833 0.000280383573262325 0.786141517636014 0.716360714032313 0.132421008511255 0.391289825956667 0.0846485212391399 0.0899798120445558
0.0537416163504059 0.148898335593149 0.262105914973751 0.306777666114974 0.0324420955857116 0.0760666021969034 0.12117011894831 -0.0247897817990907 -0.0172816280473771 -0.059843689293939 0.0535443850703811 0.0587871080942474 0.0671304078082692 0.0393655888028297 0.0530801375051339 0.0676434038853759 0.0453878052739849 0.0574268544928252 0.0517825055099607 0.0538342350110615 0.318222108781807 0.01304632955764 0.000182233497098455 1.0864259651153e-11 0.542613876848087 0.263781230327148 0.00900815588830469 0.667009434752825 0.739355964716639 0.269258501020592
-0.00935934117526715 0.104381378369378 0.301574178511716 0.186477141737629 -0.0440703995832792 -0.0316621326915574 -0.0364916105818732 0.125688600158866 0.0141410476437234 0.0041582373091142 0.0579717677079147 0.0569446275659907 0.0451820030482742 0.0596715236279394 0.0447135817691695 0.0411507054061139 0.0397881523932053 0.0485144944383346 0.0523912214648289 0.0623224515843641 0.872103590421637 0.0701037889000531 1.97495681465709e-09 0.00239296467224907 0.326964140165106 0.443659306226465 0.361516454535576 0.0111716276569732 0.787845464265464 0.946951543836911
0.0141811883361972 0.0525235512994384 0.269689766048438 0.227883387223737 -0.0246315664087197 0.0650018465202482 0.00738304639943166 0.00605554684099082 0.13609264685794 -0.128538315788006 0.0734955186353123 0.0336932228477092 0.0604101744505602 0.0553705253296394 0.0476159743440646 0.0619153400446093 0.041999153861901 0.0512368317752169 0.0726587483837492 0.0462615826413445 0.847430459212134 0.122535427711116 2.32203575854232e-05 8.53914341311701e-05 0.606218416210532 0.296597831304255 0.860853567903129 0.906182569809589 0.0643089921592848 0.00664666437649243
0.0891518866553188 0.0984091722280573 0.270638446188719 0.307343669016235 -0.00614201876451275 -0.0643481253333151 0.00863064804536824 -0.00639382343791561 0.0460048278495196 0.00892093856733346 0.0618476893312201 0.0424838511923534 0.0445855469326912 0.0333069582798174 0.0807046675043837 0.042170619688024 0.0530318897252983 0.0509437214673068 0.0343562310990773 0.0497669231701115 0.15292110281982 0.0228080075650023 2.9829328091278e-08 1.15600276495766e-14 0.939504582394081 0.130541575401338 0.871084469749701 0.90040165519997 0.183925513258057 0.858140911436633
0.00118124120948314 -0.00837655187493273 0.22674651818903 0.283195391315587 0.0618723997982513 0.107104840528174 -0.10168198586614 0.0396058284588665 -0.0243617759879432 0.0366433047883343 0.044996436101745 0.0626213306385307 0.055043896113838 0.0732710004810645 0.0434133913894157 0.0715683173389538 0.063537519566755 0.0561069210784575 0.0455752232849061 0.0450256139569973 0.979114554180749 0.893886943952672 8.42260430308095e-05 0.000209346329413187 0.157560667353005 0.13801177274931 0.113026580183044 0.482074105621011 0.594286128542295 0.417888941337915
0.139097564912801 0.171434772736102 0.10454983904053 0.205430893657905 0.0139580300611802 0.0673449665948715 0.0492062261728527 0.040939919656772 0.0644741766471574 -0.0816753335088033 0.0458199193202701 0.0856383342172109 0.0594927855086562 0.0820374958189808 0.043853449387948 0.0481201866111375 0.056320469415533 0.0352501107601534 0.0619640355481431 0.067251250650654 0.00313768930188434 0.0483122231853397 0.0822581230533138 0.014077711282598 0.751003834280014 0.165095692469148 0.384616289822104 0.248545198717131 0.300890364773435 0.227741242985235
-0.0218729973678984 0.0502518518929732 0.130897715903789 0.250937728351411 0.166155904563831 0.177697203622715 0.02663869370077 0.00913490255849185 -0.126880621210558 -0.0174723157447591 0.0687832959211161 0.0439449618600828 0.0575282777070943 0.0515965459127887 0.0515583410081566 0.0546535794787107 0.0566755795020703 0.0597588984171047 0.069444444951392 0.0523467054388013 0.75122261831947 0.255856147351684 0.0252584014313822 4.87256445949506e-06 0.00176909520274309 0.00161708199573317 0.639477185219291 0.878848799687298 0.0710020866021004 0.739321560049143
0.000194212629048051 -0.0492331433610324 0.0882492321232017 0.13996941651422 0.109528600627093 0.12268404737052 -0.0247346535583341 -0.046025117639436 -0.102183943290803 -0.00316840919872714 0.0377212690151686 0.0514583618398977 0.0828764994710315 0.0866453336843388 0.0476773058946552 0.0461616467144835 0.0506847461941584 0.0433186564258945 0.0552436461368549 0.0605799633320327 0.995903405805454 0.341252962498663 0.289802163538219 0.109718143708232 0.0239213836380013 0.0093093963722207 0.6267296973726 0.290861392884669 0.0676392736354857 0.958404551218186
0.227686041090674 0.0745935337365733 0.12444201941466 0.289035393377724 -0.0158388946403524 -0.0407103409336123 0.0484590204098634 -0.0652695722930709 -0.0126353631028392 0.0603968272357801 0.032802279597478 0.0534747185254932 0.0367510905318539 0.0638542280551089 0.0378561989334284 0.0590866529939384 0.0563778262144943 0.0487472209076759 0.0590936818498564 0.0407869693233855 5.8196247895466e-10 0.166469831433266 0.00105261484570137 1.82940476665972e-05 0.676654074419547 0.492599557128733 0.392326158540068 0.183962497950296 0.831171719783352 0.142155706776408
0.154385555860989 0.129017140742992 0.0948880417973373 -0.0990552810378027 0.0217332165364177 -0.054582238184889 -0.0251886745216689 -0.0512941163040976 -0.00244524328003803 -0.0219333422726766 0.0512692932833733 0.0349842798271164 0.0929932349074986 0.100501762004508 0.0470961858139737 0.0595127394412226 0.0453754617777829 0.0364880898721488 0.0371748269310976 0.0297526321299043 0.00337644751154245 0.000386486589110715 0.310285330220833 0.326968094756875 0.645578796635486 0.361514100217213 0.580191993589562 0.163233305381697 0.947701373977017 0.462924362257402
0.370968805257891 0.0309822323427905 0.107480249970566 0.406965343754516 -0.0143405008651986 -0.0138547884717091 -0.0272983083133315 -0.0805304717203593 -0.00166536799675836 -0.066254099892567 0.0728508843863544 0.0821253904472988 0.049551521780819 0.0672914692233142 0.0465396828769691 0.0530923692042342 0.046227049263496 0.0680759953691735 0.0446735469396606 0.0628390937953735 1.93102469562795e-06 0.706872066287397 0.0327141689666829 3.29131702490951e-08 0.758691707872235 0.794722395705033 0.556317541671802 0.239944643655766 0.970345418821623 0.294547165691157
0.0379949079669704 0.0752497790873067 0.199384446766667 0.296867656142176 0.00291259404955562 -0.23041131851038 -0.0204704316296948 -0.0596419928278488 -0.0420244635646843 -0.0265396826040725 0.0424841590170168 0.0470033771849172 0.089609518516688 0.0523929700218247 0.0707983866501383 0.0559341652917637 0.0634522456783342 0.0530856932135617 0.0667248979253046 0.0511375152904075 0.37353017779031 0.112893788644817 0.0285783519931214 1.73438664375026e-07 0.967275994246257 8.42400697884968e-05 0.747737657757351 0.264211413885363 0.530410144748002 0.605043973355529
-0.0738373783800884 0.0368552029647254 0.171729393217539 0.320098546095947 0.0125369219787316 0.0204142394817112 -0.0239844749997738 0.06496764263323 -0.142989360201016 -0.24913217761342 0.0581777502974073 0.0666279004416426 0.0442416046516182 0.0502508348573307 0.0433543055609096 0.0511853096442325 0.0327458286096736 0.0464637411691608 0.0524520273957795 0.0528558061219961 0.207653277486198 0.581532362527432 0.000197490248419417 7.84132019221659e-09 0.773113574756684 0.6909631439163 0.465801037268155 0.165476038058642 0.00770240036562148 8.83632958324707e-06
-0.0231077749805139 0.185778703119622 0.158530567028718 0.258310296480487 0.0336952979869954 0.0193167541619609 0.0351025762445827 0.0422578167593309 -0.147568637046291 0.0669075024297265 0.0735897980882443 0.0653046170908478 0.0433701311918871 0.0501604275098252 0.0570324884277328 0.0474620292725058 0.0632772314621648 0.0520163351168966 0.0540860318892568 0.0447664749638209 0.754241756948907 0.00550115571847844 0.000431742062278034 1.52499155047538e-06 0.556129312640307 0.684978828042353 0.580446773085831 0.418708635542088 0.00765287254283889 0.138519659336557
0.0610618221158716 0.158313661762992 0.197473841988502 0.251144657306827 -0.0112039605957063 0.0271679748484519 0.0126251919998057 -0.0320236378045549 -0.0578906988162241 -0.023846564755389 0.0436477997369766 0.0467830917502381 0.0380587095410335 0.0384584530478661 0.0389529443272009 0.0456795721107562 0.0335228886874903 0.0533123184153286 0.0797711002058365 0.0346233990595611 0.165259804040976 0.00105971884387618 1.29858826095439e-06 3.80579870572269e-09 0.774292709951149 0.553502211961789 0.707346870553932 0.549562943183157 0.469899394588897 0.492757748575801
0.000660793424631949 0.111567096039377 -0.0602357436755295 0.45999155133484 0.0363697816156564 0.0226493461939233 0.009930312065408 0.0229405771407942 0.0146111410022414 0.00145803656475429 0.0489707719331359 0.0591775360146511 0.0795262902085221 0.0444743175356915 0.0420058094583541 0.0503403625202669 0.055420986789769 0.0429871027381205 0.0516974072619536 0.0417965172653384 0.989263835674239 0.0626162571613991 0.450769747306633 5.55561441758809e-17 0.388887039720298 0.65384693989596 0.858199421700666 0.594891083113019 0.778110905265788 0.972249361546009
0.10555277774599 0.128236858223703 0.182398358535909 0.233999102027935 -0.01473180635922 0.159344802353347 0.0860850628039398 -0.0670009825008622 -0.0534175908484463 0.0348712351963862 0.0511671586436544 0.069167173869572 0.0450523712088955 0.0603730991573674 0.0606275312361535 0.0637029987868042 0.0372646376127035 0.0472727187510758 0.0526295624951376 0.0911737305153571 0.0420034129295266 0.0670126628813229 0.000108898983154828 0.000201521053242906 0.808567073601461 0.0141797705453321 0.0231694708425536 0.159839495905391 0.312839490651923 0.703014353632397
0.0218478060078071 0.128539785541989 0.129055569443953 0.175653628028755 0.00241095038361803 -0.0407477842057057 0.0814091147558637 -0.00306336466968602 -0.0587960329383667 0.0455167179876944 0.0384259885206776 0.0465368230581624 0.0446596236935772 0.0509234785063829 0.0381183802770128 0.0435937146246929 0.0355880660199766 0.0555291005127804 0.0430509661583493 0.0400905664438278 0.571065031870632 0.00696188914092375 0.00483058957572353 0.00085702892713383 0.949708469640152 0.352435351666565 0.0245080152373653 0.95612783297226 0.175426909953442 0.259244338243402
0.00595877986694852 -0.0897757148468736 0.21268374505171 0.243827877228221 -0.0109696616725187 -0.088513812586065 0.0597450643745139 -0.00356752660607796 0.0238064788613245 0.155602520135779 0.0493010385169583 0.0698631277724813 0.0421042422049753 0.0398499677913733 0.0325662014720168 0.0399983615740593 0.0428880792304562 0.0534152150943729 0.0546488333627644 0.0422106998940102 0.904067237385698 0.202081555089607 2.28127988505801e-06 2.40652000972943e-08 0.737020285792097 0.0294314379987452 0.167037262621619 0.946898157528639 0.664150776068337 0.000388509872728902
-0.0800841212031178 0.135596616537785 0.105597141479989 0.257233981107065 0.0548519386507093 0.0627695016300766 0.00641423703761516 0.146698394038402 -0.1165785121928 -0.194490351356653 0.0851340701122529 0.0659663184912942 0.0365590309562414 0.0519182276843104 0.0653471053964148 0.0393371282181393 0.0449759699496911 0.0328400588156014 0.0509587447151278 0.0526423661441377 0.349385642648454 0.0427240653793508 0.00484969795850879 3.37820682762603e-06 0.403472644517115 0.1140657501906 0.886913235548843 2.29779912388693e-05 0.0244980417672497 0.000377753948914621
-0.0444450050624648 0.145953277499843 0.112429094849606 0.166210339040243 -0.0299277094665398 -0.222366894379482 0.0377944949156151 -0.053726530561305 -0.138119577761604 0.0160544899993348 0.0561893902767469 0.0864852164330316 0.05663160036555 0.0745123949903091 0.0613412818631923 0.0827847027600939 0.0438056875673494 0.0666610888051926 0.04575041607703 0.0717266179559262 0.431031851598656 0.0949490512460049 0.0501586054676502 0.0281906829144299 0.626815250278386 0.00860879905143995 0.390553905397766 0.422387252407204 0.00329946285106558 0.823397748662504
0.0570272500465492 -0.0704488324483731 0.15956286475294 0.261561781765315 -0.0756536717940894 -0.0605081537232049 -0.060398613036982 0.109082009385616 -0.180562180266278 0.101455761895077 0.0462182958387235 0.0551555482904305 0.0397263308584549 0.0461179258381365 0.0582540348941529 0.0571086031877878 0.0541023033804239 0.0652795501367057 0.0557075718292241 0.0649379350933734 0.220464745831919 0.204790239757852 0.000122217464991356 1.69450646044151e-07 0.197369535676891 0.292194744818332 0.267232117291627 0.0981960203467113 0.00166913241403368 0.121715248090137
-0.0453981375775148 0.106987376957948 0.155468289607181 0.279220632278002 0.0273343485448992 0.016840208639746 0.239776284961258 -0.0638854155270542 0.00286769330604227 -0.302135200059369 0.0574597115048403 0.031246816824467 0.0475416064044451 0.050963985981715 0.062000899608559 0.0454082581968527 0.102410224316812 0.0884522096014202 0.0628476482754269 0.0583753895119483 0.431554125524601 0.000931067169062245 0.00152402548595804 3.85793499324596e-07 0.660364187244945 0.711611638075239 0.0214231737274917 0.472007707343903 0.963706819424581 1.36980609910693e-06
0.0288382106672763 0.126638857016795 0.255770038146288 0.243495260160801 0.111583463812842 0.100986857699632 -0.0409614536750379 0.0915861690340418 0.100986521664768 -0.0362275776904263 0.0483660307285845 0.0369631947339515 0.0405851730379281 0.0712052209656966 0.07751567061951 0.0540663722250971 0.0445183443375324 0.0580970069146923 0.0704457965495901 0.0585842366372051 0.552505444132133 0.000924623950419985 1.06346652746466e-08 0.000944228800459364 0.153479343782464 0.0650397597923546 0.359978665541813 0.118434251381403 0.155169987287577 0.537883859877659
0.0671290587045384 0.0883045623533823 0.206362470869921 0.276123435088453 0.125597077806166 -0.0696437020586812 -0.066846496204497 0.0267295745879383 0.0396792245679416 0.0263852344298399 0.035500348029148 0.0369419441876243 0.0581494579714298 0.0531444915044839 0.0566857385632231 0.102148463921047 0.0613257727386511 0.0504551553791136 0.0488768811006205 0.0533015021375424 0.0618491377273639 0.0189162363568508 0.000617371688170088 1.26132087839924e-06 0.0292365293975454 0.497123157627661 0.27861294713401 0.597576618960559 0.419036952649673 0.621793373797802
0.0420167526972633 0.0391928224129973 0.238868446505414 0.231487656118747 0.00401637554385159 -0.0378679445198528 -0.0740747427868133 -0.0425320480508914 0.14439680090502 -0.0102027421236504 0.0495508138109332 0.0418769640614203 0.0460957782017856 0.0559122536595865 0.0527674155563613 0.0523699579537655 0.0557255608200049 0.0457104057112437 0.0671031535653714 0.0400253007425142 0.398713751477591 0.351827086512079 1.33479911106009e-06 7.80574992135245e-05 0.939496796012962 0.471502524858095 0.187116191087439 0.354618200546755 0.034085329440064 0.799376262381985
0.0471821645598452 0.167260246806218 -0.0234095408846706 0.298188719867886 0.0876738963025386 0.000937501409944187 -0.036547386152756 0.0703963725332672 -0.077737629727607 -0.0411645693801196 0.0502049507415111 0.0681377766813682 0.0829991106541581 0.0501802203301493 0.0556210160882673 0.0381981610902165 0.0462725514432499 0.0504908554022169 0.0584212763752329 0.0718177251229122 0.349840228093889 0.016022107760895 0.778556036210924 5.23174867112436e-08 0.118471676723194 0.980473738406435 0.431703902807861 0.166677615492165 0.186669385198693 0.567951418585572
0.0339877218526752 0.0850183567248003 0.172709544785995 0.625627359560262 -0.0719821850755388 -0.0452713574088758 0.0572014167774156 0.0293164617128782 -0.00514429061075625 -0.0129098228774572 0.0572489179734517 0.0565022740507613 0.0708752620239271 0.0642233171918351 0.0394370506181966 0.0633998129129041 0.0552040370007117 0.0756909813640074 0.058502442815321 0.0502236676184499 0.554213221103602 0.135905466110891 0.0167853820681477 9.84695101061061e-16 0.0712814647222501 0.477037061505517 0.302893424790292 0.699435391511755 0.93012535372996 0.797729542937368
-0.0207424565284894 0.0957679316295734 0.365854920688651 0.284837544146086 -0.0118151898307484 0.0708839142732702 -0.0965686951753277 -0.179088512289682 -0.047600142632709 -0.0560387160835651 0.0622717853000135 0.0493737473945267 0.0554818972060111 0.0477310479472866 0.0529879618990256 0.0501819119937296 0.0465733870131353 0.0871662394370712 0.0574042686060539 0.048911352911689 0.739836850751624 0.0555535522750326 2.84898644992054e-09 4.68460236973764e-08 0.824057334207953 0.16123999836436 0.0409861797497657 0.0428208881985862 0.409179954194881 0.254948359379667
0.178514032271903 0.129644401194601 0.165378486681703 0.179332961526561 0.0429346802081526 -0.117702216263114 0.0249218416276847 -0.0350938935882964 -0.156742422566447 0.0320688677452037 0.0387649966389968 0.0541585762970725 0.0558056085464605 0.0566225985565092 0.0838975556121423 0.0666475724571657 0.0372605729454269 0.0599873006743653 0.0670506470537713 0.0703155806066485 1.35011454280496e-05 0.0187509266931656 0.00389180903674848 0.00210224949643647 0.610078495503813 0.0807803323494238 0.505301356966719 0.5599967764723 0.0216215848194434 0.649437835165143
0.0583285015397397 0.165643253161337 0.151039497609713 0.396473890138472 -0.0245072661481481 -0.0361529643013568 0.0230354875435719 -0.00836144020001827 0.00781068382267138 -0.0152452051653005 0.0444464598697577 0.042042747200375 0.0611004376934895 0.0507017827499455 0.040848867494056 0.0956287209846483 0.0500593058154979 0.0451945819869655 0.0487344611608994 0.0508569809107831 0.192745289579887 0.000160730835942762 0.0153170095788709 9.57685645136713e-12 0.550047339288888 0.706279567484807 0.646508373458583 0.853637639300658 0.873027373996895 0.765046711394851
0.0442928227825328 0.176673244130854 0.133550241403234 0.266847153754232 -0.0596533241510309 -0.0162971422026512 0.105110904083748 -0.079696350344819 -0.0218020959820614 0.024395838542393 0.0400433690732 0.0430134251364621 0.0640652532143634 0.0505402044730959 0.0532560125684371 0.0447511975336209 0.0386717932599833 0.0563952178073829 0.0398449333191327 0.0530118303195363 0.271621971470743 8.79846624002818e-05 0.0399389594238654 8.89485678119402e-07 0.265641290716018 0.716583607301345 0.00787795578964423 0.161053326386491 0.585613730922517 0.646485368672454
0.0435697253882209 0.0678603920274272 0.163450432299748 0.221704779734045 -0.057456504786783 -0.0738308669775621 0.00991175882438678 0.0123350833275508 0.0784713892674443 0.0334057203916551 0.0404403321147313 0.0376145778213173 0.0549590136225247 0.0556743492538195 0.0386501249857916 0.0431189339501799 0.0536597630013746 0.0530619924993227 0.0595606490358233 0.0497590953066318 0.284188558056655 0.0745612334901028 0.00377196152002549 0.000138244684507799 0.140620692771442 0.0902922371793149 0.853868242400815 0.816704285862904 0.191013938826138 0.503717708137694
-0.0313855810100285 0.099557461636891 0.133010086714139 0.296913995406527 -0.0505428843458496 0.0582138858688087 -0.162472166729829 0.0607664839074784 -0.061365489599359 0.0174063731758597 0.0645471584899806 0.054301962678114 0.047626476714523 0.0471092401727683 0.0685321777510355 0.0545868043826217 0.0585608710633131 0.0973078510599805 0.0421963600239985 0.0412594171136321 0.627977025476012 0.0700480314593243 0.0063831710990244 1.06054857268497e-08 0.462733254673806 0.289074504279867 0.00672413606528714 0.533894471880602 0.149346232997349 0.674121276388178
0.200523784173779 0.26570413177621 0.19790634231256 0.261858189387521 -0.07690766272904 0.0102786880007668 -0.0449041292071542 0.0775635963448914 -0.137820868817567 0.0458183297056178 0.0471438060008553 0.0266035222545017 0.0391342670982153 0.0539247877492613 0.052843184656615 0.0563142442557563 0.0439884860484391 0.0559201800858574 0.0463254373160424 0.0375130786336929 5.14071259373144e-05 3.03171218780394e-16 2.22841083580974e-06 5.02029821130136e-06 0.149039467579921 0.85558221938836 0.310078042047586 0.168854769448026 0.00376062312495318 0.225125883595603
-0.149647026672767 -0.145011983571924 0.131522929810128 0.231199421481277 0.0387660886710581 -0.0978606759346773 -0.0527796867795575 -0.140058882037998 0.0475468051973416 0.0348492947767285 0.0766161148093502 0.0597844359503021 0.0960293442322033 0.0452416595243376 0.0367982586447174 0.0589216575406403 0.0448861690617838 0.0609290225543776 0.0365184765642897 0.0488397318494869 0.0539016691461943 0.0172798859751178 0.174215764695941 1.79261672439217e-06 0.294942907679006 0.100221445505041 0.242753372132254 0.0238362835476375 0.196241194318328 0.477355504929431
0.0572620128865353 0.0497458679011659 0.119734983973237 0.318540582856988 0.00790726382875718 -0.00599682862591594 -0.0193546328098618 -0.043730792464582 -0.0119113019851212 -0.00948809957657792 0.0388706363474361 0.0522024227091339 0.0450612912183031 0.0363724475704486 0.0511422601368895 0.0421902683038694 0.0415986781995706 0.0652945149009608 0.040406282641011 0.0500394620630271 0.144201314034791 0.343171954337852 0.00932338990581978 1.09861348103435e-13 0.877472537867951 0.887288929355297 0.642861692406189 0.504733915879253 0.768834468695388 0.850039897504228
-0.0942116285761717 0.0387836028587149 0.151862133929535 0.315268556375211 -0.0434284878011704 -0.0428792861493388 0.0268775144047302 0.0689425655980039 -0.0356218651179668 0.00925842640695081 0.058652674223638 0.0480513221274743 0.0847263730041102 0.0342561088404122 0.0411922727052501 0.0416970894621215 0.0565339730524831 0.0639379963542582 0.0421620809443932 0.0498360568241132 0.111719227503592 0.421720249704761 0.0764317056727713 1.29905247915309e-14 0.294573565326621 0.30654011010563 0.635637822139492 0.283793806846726 0.400418698446038 0.853037185220129
0.143166772564296 0.0415250132838056 0.10332044283321 0.277328965020041 -0.0190950577835847 -0.000676038377667764 -0.00299116283404972 0.0750702787819152 0.0852375822136874 0.0237481476429793 0.0497390120535541 0.0685870351306146 0.0546320349010202 0.0499414396600228 0.0515000560588668 0.0358508970518634 0.0599442386866826 0.0415907468942746 0.0480406756489669 0.0433186443490434 0.00499311132810881 0.546413497547186 0.0618132834220903 2.81379272243636e-07 0.711674604603645 0.984996968769605 0.960313379063522 0.074422703300978 0.0793986607526935 0.584898115946183
-0.119333091996851 0.151976345467489 0.226061161305498 0.261679996363842 0.0813834623781197 0.183265447715142 0.00255972636722555 0.00810079717509923 -0.0800643650805086 -0.00527157504263556 0.0491157890033395 0.0281907800538138 0.0519256503693405 0.066691841058067 0.0422128685243673 0.0623782391866499 0.0520041515863432 0.0597184704893108 0.0529295803686423 0.0340239975661654 0.0171001852509137 5.58779580494561e-07 3.53463851907223e-05 0.00017021314888652 0.0570167829173087 0.00419566000594441 0.9608517858227 0.892401095581582 0.133870205744829 0.877217953412213
0.0462992185283211 0.14336973568845 0.0747952278680875 0.318888401798458 -0.0805112183750855 -0.0269183682425909 -0.0279562126840202 -0.0786914832454979 -0.0120486995234312 -0.0757723911671558 0.0480064802361601 0.0406619214732133 0.0604526826805727 0.0420185014552527 0.0789085813240532 0.0443011092415743 0.0412235349698687 0.0578381178564078 0.0365207111252969 0.0392394190518891 0.337411251553612 0.000666222207424379 0.219211836769459 2.84017686328373e-11 0.310316307356915 0.544967755460749 0.499409240487424 0.177054551492911 0.742231498289782 0.0566270584487303
0.0495121033357989 0.0960730737585044 0.236196199555232 0.270269140494023 -0.00197674490269899 -0.0621091376997971 -0.0756940811582537 0.00723063222768126 0.0429651257787329 0.0272373106787358 0.0555958201817492 0.0317835202371731 0.0470717558300544 0.0465180670341327 0.046428407738342 0.043617999549193 0.0585717551599331 0.0401123925863292 0.0380762549253248 0.0433890892065332 0.375533154451131 0.00326259451765074 2.61529614848963e-06 9.31899142294947e-08 0.966133688418612 0.157923549350437 0.199550911167122 0.857354264566025 0.262151353778474 0.531760167599119
0.0136078279605791 0.100330560996719 0.15214640845671 0.321474474127435 0.0041969397441802 -0.174566972032552 -0.0411148161382793 0.0285638542787907 0.0123157020147245 -0.0174252109503391 0.0514614261054102 0.0448587351734089 0.038268582941532 0.0551675627907399 0.0488028808808387 0.0535369746717803 0.0363642916464859 0.0481212644488065 0.0408901434285965 0.0435999278059593 0.792054949678354 0.0277841711473491 0.000141451853393917 8.64598476113525e-08 0.931659207671555 0.00157022519314192 0.261211897959369 0.554281497958947 0.76396438181892 0.690352784454178
-0.0108876006310278 0.159148782149187 0.300600910534053 0.5932426436642 -0.139157356615752 -0.0145834316283718 -0.0270446175175651 -0.0840722600016084 -0.100421964189771 0.0441531257669841 0.0517361613355151 0.043976128917752 0.0668295008871328 0.0423025280963586 0.0581864790268899 0.0559882806888335 0.0605204270810455 0.0573248436614253 0.0528448916326388 0.0509177921293514 0.833796328405636 0.000488121408874736 2.04084813757576e-05 2.30249707993023e-24 0.0188575673694948 0.795094014309239 0.656044166524743 0.145972145108458 0.0605929191702619 0.388168486890053
0.0285698684866742 -0.0246791994782609 0.139047284763903 0.15713125726595 -0.00473968126709665 0.133760222793121 -0.0760372205713629 -0.0732942365664629 0.0258943809205904 -0.0298932192944326 0.0627072276431474 0.0526082296885052 0.0436560189789294 0.103086957127497 0.0557826870110681 0.0394674279235173 0.0460508575591155 0.0532781877541773 0.0404298973778812 0.0561542609360057 0.64976976167747 0.640123365118488 0.00198889930559077 0.130950295519985 0.932476440501798 0.00104228895888724 0.102191758551203 0.172331934353305 0.523490513452439 0.595801605521868
-0.00313979073475408 0.199079390649775 0.154145033709497 0.42050945875567 0.104994949920979 -0.0715833410856509 0.010085891548248 -0.239270454209043 0.00853658128152518 0.211022210272134 0.057269032446896 0.0580501558478741 0.0453473213799436 0.0949874903421352 0.0473552133119392 0.062806272530511 0.0496813971944392 0.106654711702141 0.0447957184654705 0.0746459063841361 0.95639918252646 0.000914575482536902 0.00100886474657498 2.67688782261667e-05 0.0291298526866784 0.257415444729762 0.839584364446642 0.0273242881190851 0.84929412736266 0.0057899184516369
-0.0630486961575845 0.0154126683744711 0.310687842968415 0.311539852234646 0.0197480700044573 0.0555020909326962 0.0474232210479468 0.0507941225415898 0.07480083411744 0.42621250877488 0.13969417972664 0.0600027218628546 0.040851607047379 0.0435523989329714 0.0491297556212836 0.0570258637788089 0.0708607343409745 0.0522519156158636 0.0568339788863602 0.0731380858174403 0.652834703226058 0.797868405245435 2.63372326302364e-11 2.18141617948021e-10 0.688668336628318 0.333023174706746 0.50505214797536 0.333605880903663 0.191473130286679 8.6359526749831e-08
0.0731108287886183 0.0648102070459265 0.113332388644653 0.369540398762897 0.0138470060170878 -0.0584727510205967 -0.0212306079122653 -0.0341206111241409 -0.000325851119105466 0.0102394083264182 0.0637753293186604 0.0466013641998491 0.0368031394335828 0.0473547780546923 0.0424063750101768 0.0632975643050054 0.0414454365795545 0.0521399934149164 0.0484421464913277 0.0524512128035713 0.254676301196414 0.167734580445386 0.00275010449834883 1.03326572996278e-11 0.744780593375072 0.358073221482398 0.609727776873089 0.514520515785342 0.99464787510401 0.845662519500743
0.00424155247540236 0.0238848550379616 0.142662702681811 0.272292072012931 0.104156752622717 0.0899049372936815 0.0479794491419532 0.0441363338159569 0.0272626832927236 0.0383970556062947 0.0564554591676197 0.0459354009613314 0.064803614236068 0.06005536774115 0.0568311718906008 0.0501563783747204 0.0593940734033525 0.0452695096572689 0.0634336845062447 0.0370386533343323 0.94027726827526 0.604363774496958 0.0302608303063032 1.77711635086041e-05 0.0701478029229351 0.0764140713322061 0.42132682648962 0.332189300019792 0.668381167904793 0.302664569361189
0.155606126389759 0.219208712405414 0.115933441941459 0.220264257547216 -0.0563203757644321 0.0480051876530993 -0.000455965337644373 -0.078243688422424 -0.113829166990264 -0.00086675996183615 0.0662964772903373 0.0473099797695739 0.0489096450607036 0.044535922948721 0.0480308883772888 0.0362643527134518 0.055715084852464 0.0570086840264925 0.0449794105119817 0.0474008391214985 0.021112348704689 1.20870109855747e-05 0.0199055967861352 3.50080479455379e-06 0.244055986548459 0.18893635911434 0.993488398062306 0.17332256848543 0.0131209179710835 0.985451371514209
0.0773581670010276 0.0289643242068048 0.192135148097268 0.269132990444551 -0.0449092710566263 0.0574305269708037 -0.0431635749086284 0.0397761377895795 0.0306369352747383 -0.0632103067628861 0.0420129121675381 0.0447870789279782 0.048350809911538 0.0614393232614254 0.0345596208274575 0.0419824782201411 0.0392582913306631 0.0520688411760011 0.0463790990599897 0.0532639711880892 0.0688725795472397 0.51946451743613 0.000142455093827502 3.19331458952989e-05 0.197100690043361 0.174729176423855 0.274492561673867 0.446916340709771 0.510571325513199 0.238454652213782
0.0885526004891985 0.167452161928 0.133302322073227 0.234671443093182 -0.0117825210360936 -0.0183412916195481 0.00634664388758633 0.00414086918651291 -0.161847051548876 -0.18447865470353 0.0435269800230586 0.0373006550260733 0.0654161815658974 0.0514175518486434 0.0441241908269239 0.0485406922275799 0.0504572719606435 0.0420170170741645 0.0734852756414001 0.0406051960326426 0.0448512703687853 2.11065637295188e-05 0.0445101055738402 1.58268424458074e-05 0.790056312677012 0.706428783580717 0.900184619187101 0.921712997156829 0.0301892168127555 1.71511833760933e-05
0.202212490719568 0.111385839797894 0.159317392113199 0.379750826749768 0.0827871700143983 -0.183286708990474 -0.0401463136748524 -0.0334868102803608 0.08240628919888 0.00924571339408762 0.0799935855939401 0.0592099568332043 0.0450780662174484 0.0613560987055773 0.041131915608195 0.0629964485847234 0.0517916336160588 0.0529916816516257 0.0575282865673921 0.048711272579869 0.0132201279370537 0.0631774211523516 0.000648008050120949 1.75881797752222e-08 0.0471323384050856 0.00456092586227946 0.440282618783643 0.529037334723575 0.155479828032833 0.849888240490013
0.088614561559726 0.110496012844593 0.0739285087033005 0.343447831161398 0.100232554152699 -0.00670254725116498 -0.0448161690515946 -0.0440564752200536 0.00552411912642672 -0.0357114587243087 0.0429485596570401 0.0468804204292633 0.0577571891316848 0.0371261421468603 0.0557358785980485 0.0436375984176257 0.0361346992151131 0.0518113476592588 0.0536194864375548 0.0525810161439655 0.0419673422329117 0.0205930277817884 0.203838846522375 1.03418140185069e-14 0.0754743991258094 0.878272405089066 0.218105563676328 0.397401043525767 0.918172765257669 0.498772972983954
0.0832589961322934 0.0685074183449852 0.142106821090185 0.302072435840002 -0.145714168203106 0.0648090105892544 0.0516030464130286 0.0170837824822487 0.185107612198387 0.00691353277070066 0.0508088738478061 0.103751467998702 0.0409214164847159 0.058087669629334 0.0617824433428154 0.0368821621953906 0.0686818473023239 0.0377766858419062 0.0632686132529594 0.0594009076487378 0.104773333407148 0.51074578586354 0.000794041191781054 1.23769744952836e-06 0.0205134565563836 0.0822859028751571 0.454411506152832 0.652190809119683 0.00434899169201994 0.907604628929924
0.0412551733943003 0.12592113359149 0.0855968220640074 0.315851202572648 -0.0108180913460508 -0.0048544771584386 -0.0144411895568835 0.00130323437529413 0.0133379342210869 -0.0571227206634488 0.0604361779035416 0.045150925367311 0.0482411352202875 0.066620987379278 0.0808538511407342 0.0634042627466772 0.0474428856901959 0.0407560295398888 0.0469817320323213 0.0581506932538418 0.496597891294758 0.00645391995174668 0.0793863465822685 7.92607036251722e-06 0.893860968151564 0.939140430893972 0.76153269968893 0.974561614550303 0.777142037948118 0.32857447417776
0.040161189555387 0.0670671110645417 0.192351936764979 0.314488254142931 -0.00141295992002427 -0.000210160668652176 0.0712412327354391 -0.0283524870941948 0.00316595882291766 -0.0391455797122273 0.0386012825156358 0.0510226937796659 0.0377926051162242 0.0456700443119834 0.0380089438217191 0.0491129117329412 0.0450826841087076 0.0541845459291292 0.0408065446119495 0.0551078875128435 0.30093603268882 0.192032638458183 1.95084183208939e-06 7.49930125914912e-10 0.970428277346702 0.996595227241844 0.117561357361327 0.602080819082462 0.938330730585644 0.47932722565433
-0.0159692583343193 -0.0842709721035296 0.186774030274543 0.416352489393624 0.0504090529230251 0.0666150501532322 0.122414407734494 0.0949252465281879 -0.0207995832192252 -0.13837803174449 0.0521680555350267 0.0698053168910381 0.0434720594746715 0.0557267274792693 0.0449019299372637 0.0528899204724381 0.0449570930468422 0.0510831637577392 0.041255356637351 0.0724802805058654 0.760226499879884 0.230507364894351 4.37991856804764e-05 4.94156623840144e-11 0.264573106487486 0.211105030413305 0.00777115557146768 0.0664026123821667 0.61537616252836 0.059424657589958
0.0509873653214723 0.168954628467824 0.208588655494173 0.325510169449715 0.0671343246508644 -0.0831826183936937 -0.00811486799855373 -0.0412332634669076 -0.039051132498848 0.0223373357986297 0.0508906584521652 0.035574471400286 0.04341600224049 0.0449531738319072 0.0361247632736773 0.0502580213701409 0.0549494973378171 0.0479591247750112 0.0435177356822216 0.0445705886041647 0.319077916084867 7.67032858613167e-06 6.16587922437951e-06 1.44952161823361e-10 0.0663807192317104 0.101385178315744 0.882926721097868 0.392206570630253 0.371920380721232 0.617476765736083
0.0903497745751055 0.121148523940338 0.149378311594639 0.230294406370916 0.237209469259754 0.0927732655225668 -0.00920358397732567 -0.019196359144614 -0.0568694870086308 -0.166378943781263 0.0533817283161324 0.0687891595238353 0.0695172081174009 0.0513361193978925 0.0574432130757652 0.0593066961736961 0.0444257500086207 0.0535081385850721 0.129498951658763 0.0696712577489116 0.094005673877953 0.0816082016091296 0.034335035994753 2.13705404115485e-05 8.11819040631029e-05 0.121257477475374 0.836346844780955 0.720617943068088 0.661605279152323 0.0190279000680192
0.0116248405437812 0.0125821969891563 0.287068100705394 0.341569854159714 -0.0135034541774013 0.0333538515295103 0.0190153082499722 0.0391096035371402 -0.00272447183329253 -0.0333303024106836 0.0435805698636616 0.0520633562977242 0.0569788209185777 0.0447216007058883 0.0448541508149266 0.0568342713615638 0.0669915866968925 0.0380313587972423 0.0400230349701508 0.0410605479614644 0.790276760218396 0.809584982468981 2.40739491439662e-06 2.26099145188263e-11 0.764068882796309 0.558765917870714 0.777180207572744 0.306540369309615 0.945878853286365 0.419085164429637
-0.0904993849710192 0.152418975652534 0.108207747200561 0.190334905080502 -0.0765969731123912 -0.0591326791981629 -0.0359153994704269 0.0277567068340554 0.0280767491671006 0.074154217386901 0.0394506076966771 0.0340525873312437 0.0638751518827654 0.0662637593655284 0.0391200952565503 0.0438588894092672 0.0373026731021326 0.0563306350923297 0.0362103924693144 0.0767750245903756 0.0241184015681205 2.22064819591771e-05 0.0937137817217878 0.00508031344788388 0.0533279017897355 0.180961916049029 0.338222506054853 0.623391946477109 0.44014881306377 0.336700574884694
0.0523657671644425 0.073318562496119 0.160924482301245 0.259558373849733 0.00636589883938164 -0.062702997596001 0.0492614791647069 -0.0789328862266268 -0.00394716168139662 0.0362623611295438 0.038874895374429 0.051846282026672 0.0469783102784765 0.0366898196205537 0.0387775273861711 0.0636929819335736 0.0387647344457785 0.0566365294214055 0.0376664879536265 0.0554927314953215 0.181351574606144 0.160767118109059 0.000926351730225443 3.14426717599381e-10 0.869969657642134 0.327530066487609 0.207081607134808 0.166847877960465 0.916773730349774 0.515124863627048
0.101571607721277 0.165148258641577 0.0946455369835085 0.203177204457072 0.0813339401858732 0.0972066563501267 0.048798094984095 0.0307755714736812 -0.00685842380634798 -0.110098840131065 0.0462158477438643 0.0392752256108045 0.0584466932696362 0.0574431535803624 0.0515099013631749 0.0658299055412154 0.0620479049924874 0.0599066960238041 0.0401849724230081 0.0525408086157921 0.0305323385036084 6.15370470679699e-05 0.108871496124431 0.000642101744521047 0.11784535671228 0.143264409530683 0.433664915974166 0.608703190074469 0.864865290991536 0.0389357105676016
0.105660609649417 0.0278295861446867 0.302109535886757 0.291718350185756 -0.0995738434212523 -0.0595861685205594 0.012775581938317 -0.0237761863976813 -0.0156598108413804 -0.0235009013650471 0.0851666184688869 0.0363651785806623 0.0383233247329822 0.0451694143584978 0.0552465387925262 0.0427131984665581 0.0380619440443701 0.0475191733329178 0.0591902153299411 0.0493874692572929 0.217965355280194 0.44610634333714 7.09303555192598e-12 5.26907926699573e-09 0.0748372227373474 0.166440193551398 0.737914217266551 0.618050435902066 0.791947553883062 0.635336093795701
0.115835936743468 0.0664761546384504 0.194672596984354 0.245023938451324 0.278597607490169 0.0338364974742599 -0.0395697638805694 0.0221928549304296 -0.00708709848102143 -0.132388211825698 0.086114064893293 0.0419609875883257 0.0410956429130373 0.0510000509083461 0.0500280284425141 0.0574806483688396 0.0564983103525125 0.0393466896024901 0.0472073701603764 0.0663775016934509 0.181957986717477 0.116647505754383 8.05073692537162e-06 6.16667825168236e-06 2.63111168160798e-07 0.557564597778459 0.485502420615279 0.574134143247361 0.881000397083812 0.0491261525608321
0.0566181191120894 0.128432684489424 0.163646760590247 0.161321858457912 -0.0238708089601071 -0.0918026650940889 0.0195000404719566 -0.027270741108828 0.0547957700244406 -0.0594712153139191 0.0313079379658282 0.045828502408635 0.0688747046908959 0.0812597908288503 0.0640274357073685 0.0540064878535194 0.0371360157902734 0.0608341637687334 0.0782990477158145 0.0457208678294717 0.073879768204096 0.00620972787983561 0.0196217021153274 0.0501598281849894 0.710157837446304 0.0926137745978916 0.600806392354492 0.655028453670659 0.485840476496161 0.196666220258437
0.0284401284590125 -0.0294805214654462 0.254308310262225 0.240275434320867 -0.0296292948363752 -0.0395186692880271 0.0130005734725768 0.0300169395494801 -0.0480040889958754 -0.0174398472652997 0.0862771209235526 0.0379391376900907 0.0472345186983372 0.0406173357325313 0.0526297018975932 0.0695105261903256 0.0495728506645476 0.0517799499834916 0.047863479798323 0.0543735937546714 0.742440256646603 0.439168228250791 5.75571464653085e-07 5.88199888463587e-08 0.574850582480393 0.571092503228806 0.79372658362106 0.563563979420453 0.318579846486276 0.749150147110228
-0.129090614620935 0.0560362400936164 0.23844965890699 0.279321270344523 0.0201250488760415 0.0249305176479833 -0.101305249687617 0.0458959867636819 -0.0344190418801909 -0.0428618913937466 0.0709456371949732 0.0740582575858822 0.0505116102473978 0.0449207950244363 0.0766168097856075 0.0548480091153486 0.0444038335564154 0.0447343471706975 0.0540889028702246 0.0486946933410761 0.0721492020398089 0.451235298258963 8.58739247283872e-06 1.54726518268965e-08 0.793404164980684 0.650535894391453 0.0248806308296319 0.307656540723138 0.526168593103362 0.381086212161909
0.0391912599778474 0.253044084296604 0.233482176891968 0.23497633700553 0.0122419938962892 0.034359818102327 -0.167031234902644 0.0513257527733711 -0.00488990914939968 -0.119417531754582 0.0500791671402571 0.0527814703506952 0.0913668218702809 0.0651169317717776 0.0506036716748938 0.0734468944521573 0.0830495453813566 0.0356643113182606 0.0413701595335465 0.0529017730511952 0.435924493022107 6.42172567104204e-06 0.0122834079694931 0.000505601344253935 0.80939324153025 0.641045232317527 0.0472935116875096 0.153581254882929 0.906173432789575 0.0264058684019975
0.124357597452572 0.12028765255714 0.204409596674729 0.168272452217043 0.100394377905335 0.00158155435233104 0.0571369059166098 0.0353112770351633 0.0587917180100509 -0.0385958280119475 0.0688640310781822 0.058410327848945 0.0311563552653028 0.0799076302137093 0.0404197088130463 0.0790570116340152 0.0499218973343583 0.0515887877573373 0.0735989778585302 0.0534758078948377 0.0742859994088142 0.0423493138164516 3.31477246287125e-09 0.0380032964052373 0.0148504357256558 0.984083478827766 0.255440327412729 0.495433620379681 0.426502666881739 0.472323038675585
0.258120287176997 -0.136246334934434 0.408820075262745 0.366480414947389 0.090780681212119 0.0760878058720321 0.052319680668567 0.117697590436955 0.02334758646229 0.0328378861255291 0.0511454872963002 0.0658625266726821 0.0893570889153324 0.053960665042072 0.0566819231371139 0.0979168094276129 0.0532864832379147 0.0648524811015911 0.140361214546918 0.0498647120875168 2.3242312298354e-06 0.0414478827868931 1.5161777251603e-05 1.15712336941731e-09 0.11275266525804 0.439157619902797 0.328802638670015 0.0728779976310472 0.868263062755328 0.511872669512754
0.100462275914778 0.0813300209822424 0.177802318356613 0.29276778834888 -0.0444009354482254 0.0239432128638407 -0.0604799101774963 -0.0733121075749195 -0.00362564638839625 -0.0404973559158246 0.044572790813094 0.0517079415682654 0.0719670934214861 0.0559739290615053 0.050163675951231 0.0552300676431072 0.0495262798832341 0.0416197370669984 0.0468730418860221 0.0394264063172424 0.0266308666573341 0.119257298478218 0.0153724286945313 1.09246462042435e-06 0.378449929544536 0.665676022483782 0.22521179965148 0.0815541743305158 0.938516536703982 0.307096348735787
-0.0763434782310363 -0.0827315126715071 0.290894857255578 0.0711216742207583 -0.00567939681140685 -0.0298843824911173 0.0488892616655941 0.0408989966511544 -0.0522830681482669 -0.0782650887902567 0.0828884597902131 0.0508472073075452 0.0342506116606826 0.0599905921943082 0.0324486521149017 0.0348549605704743 0.0483220461603907 0.0469264776682717 0.0843296071636788 0.0591805256465397 0.359492529719904 0.107220394080494 3.8944362784296e-13 0.238921946327818 0.861451419979511 0.393505388645145 0.314375536877201 0.385770341680805 0.536834451109634 0.189359084538782
0.0233617812403638 0.0943024929102673 0.216162430924847 0.0810297812487848 -0.00914890387219368 -0.0426749518122106 -0.11180167222096 -0.0238287452741307 -0.0443818719594649 -0.121062343125211 0.0458175631387538 0.0442824417446668 0.0647009027915203 0.0616066365281949 0.0379941104252093 0.0425025671322366 0.0576101459199174 0.0406920765927768 0.0381362229246679 0.040341339852771 0.611378742306451 0.0359370396554216 0.00121694346279844 0.191758018597409 0.810259416061775 0.318043600622323 0.0554294133056492 0.559618716700768 0.24759237359896 0.00348203986608249
0.105621044156521 -0.0501280542450435 0.0208150921490687 0.225561265934544 -0.000958692775088065 0.0323039290220344 0.081645373528406 -0.011708194033684 0.0942073552263151 -0.101866131826062 0.0618164977729739 0.0953680603737964 0.0759076818608213 0.0576001958610615 0.0455053358141474 0.0448207021604223 0.0754963145127627 0.0747904697899545 0.0746549834228555 0.0884648354510033 0.0909676232111416 0.60043989519694 0.784547130024041 0.000174940833940537 0.983238288522362 0.472939413822544 0.282386907263096 0.875952820146855 0.210244193286777 0.25258166563052
0.098819968723033 0.0969794964657226 -0.0827227599914929 0.259998891602051 -0.0918234618132551 -0.014480631751692 0.0715493112334453 0.0108584759276835 0.0439690579694862 -0.0815042768461209 0.062686975888829 0.0392157009104453 0.0515084515465449 0.0534786058905796 0.094187158228895 0.0455446886934636 0.0388211916327314 0.0477241801641146 0.0368076633568134 0.0754468307661162 0.118441562661082 0.01527743869546 0.111776305001352 4.9062632536828e-06 0.332220859364538 0.751264436743842 0.068613723946163 0.820531086710534 0.23539664398254 0.282900541917034
-0.0677666067720135 0.224685707577953 0.193074710923775 0.397040676737063 -0.132427634120967 -0.13125017551884 0.00315098284430148 -0.0202828492917003 -0.00174081993572799 0.108611650140527 0.0756165809166084 0.0585972357118166 0.0636201872344043 0.0503351547589403 0.0602561764696081 0.0587357255426963 0.0492174529152251 0.0473003759386013 0.0632148466932092 0.0512858927333419 0.372543659852296 0.000233051934671626 0.00314657893917685 6.93485403039125e-12 0.0305339628787891 0.0279203058403597 0.949094966406792 0.669086520627759 0.978091483189904 0.0369519441024539
0.0846137949036469 0.0450440242585039 0.19885856824888 0.288900347267724 -0.0349898429054159 -0.1369009469017 0.0922108160101289 0.0959802817465186 0.0398059802786118 0.0105466702672047 0.0362169074450575 0.0491588783837838 0.0378003040217239 0.0454046842035075 0.0597717983621709 0.0494695111186885 0.0808915174292937 0.0563847940909879 0.0555841603981593 0.0426626324669738 0.0216960397644253 0.361961039285157 9.63189126951213e-07 8.10000786678492e-09 0.559750136705355 0.00685912690199005 0.257339362604687 0.0921627893085618 0.475759666362342 0.805308027575982
-0.0324750800155342 0.104356666562287 0.0989446215860862 0.353362386709962 -0.0792401322441316 -0.0242843859469913 -0.0416495629349333 -0.0260584739089411 -0.00353883158287346 -0.00497815680521721 0.0451433444931727 0.0591237355946126 0.0656589449545593 0.0470725758629334 0.0529952520892805 0.0798317295193591 0.0481317292579922 0.0443915616755603 0.0389841065253699 0.0445980941146499 0.473772559141192 0.0809465886549073 0.135326086645477 4.18473427239555e-11 0.138352501062333 0.761681813930042 0.389161477075611 0.55866392082245 0.927872099428126 0.911371191441181
0.26505691879669 0.207031596988619 0.289835321681842 0.322728004536898 -0.0179305060528297 0.0541562032291128 -0.120483597485746 -0.0689873188373119 -0.0348894921940499 -0.13155323239378 0.0556062878449051 0.0877230982756419 0.0685282127573903 0.0574090590268781 0.0424149862535313 0.0748925182220926 0.062992636066856 0.0397481158522879 0.0695860795851224 0.11949109890592 7.16173209381392e-06 0.0204328754675475 5.61992261558885e-05 2.10028568530568e-07 0.673493391302497 0.471481894693899 0.0589713631706879 0.0860549877245719 0.617323647281393 0.273856027664472
-0.0315008755076376 0.104948010234323 0.173492413300199 0.261059934593958 -0.00613897711237232 -0.0375343435589039 0.109437918733594 -0.266580581332327 0.0689172464922203 -0.0211705586073381 0.0427058076479698 0.0587389698523024 0.0565353260966355 0.0350262327374812 0.0640822821846275 0.0489095194786934 0.0701684878310005 0.0890050426989709 0.0552316920582487 0.0462262909601589 0.462661148091514 0.0773555672014809 0.00284052556898455 5.37810377483983e-11 0.923893712903148 0.444838067904581 0.122353493387862 0.0035430723699765 0.215346802669124 0.64807309636031
0.0612359413991568 -0.155555402625148 -0.124788877148433 0.193895408729323 0.0800904074081502 0.165126507971097 0.00317456077319769 -0.0929816463951061 -0.0314396602699595 0.00604644802110346 0.041248712790266 0.0656457862137937 0.0860075627299059 0.0547508223086363 0.0540998317030217 0.0606344667081308 0.0657140272870687 0.0551288715453611 0.0372106387214588 0.0397477969856222 0.141156096796358 0.0199431691281547 0.150282661754688 0.000632780554194632 0.14225380593128 0.0077625990857659 0.961577244730348 0.0951393328911046 0.400401299075363 0.879432526474326
0.00928882581192051 0.215684013442508 0.221276884938517 0.342505392915873 0.022303069116219 0.0218633787604857 0.0783435429395688 0.0243352498638658 0.0524937451269914 -0.0848748189128463 0.0417681719912062 0.0457446781705803 0.0490612270941582 0.0513232414599009 0.0506468675689484 0.0465361289018286 0.0371143522456285 0.0485297412241568 0.0446291269075401 0.0508491754976585 0.824514157675344 8.78354801405578e-06 1.94752311895936e-05 1.98540790915799e-09 0.660729165581823 0.639623450246032 0.0375567739498564 0.617278695255895 0.24260815225604 0.0985631091392104
0.117276651317249 0.105318770235026 0.108994574496684 0.293035951824446 -0.00766699887078164 -0.0321593269023381 -0.101761254598916 -0.0152826761670407 0.109735799816971 0.0131757564272228 0.0457944551043192 0.0563062708613606 0.0458665493709197 0.0507918036480985 0.0498911179416117 0.0516445600148734 0.0402615843990605 0.0691066663192515 0.0728469824602771 0.0351165755286647 0.0121039586962868 0.0646696391439318 0.0196049963204442 1.11138413778285e-07 0.878210347037143 0.535053031586972 0.0132326403074184 0.825479560374649 0.135469628165093 0.708394135660531
0.172402276473795 0.19194450151353 0.163297851661452 0.262101989324186 -0.0212351620740777 -0.00987700974029407 0.00749412842745459 -0.112163542740442 0.00999366796972354 -0.132491741881451 0.0584134669736071 0.0488420928268948 0.0462920874937204 0.0597447182887171 0.0544382308595624 0.0627891052291351 0.0426888113383661 0.0535641180641455 0.0467944039791168 0.0562434651573875 0.0040328809009172 0.000166524533118102 0.000662572158188527 3.11502756734315e-05 0.697400449792216 0.875357232086528 0.861039881312548 0.039071318560522 0.831369005525974 0.0206605583468673
-0.1308138030789 0.156617601258628 0.154351256894327 0.283955023367483 0.0583171743450379 -0.0634368097567227 -0.00925629467883724 -0.00677760370816197 0.215651450372324 -0.00277074345332411 0.0611236081995796 0.0440265636262898 0.061077890476569 0.0775252969099641 0.0597258548649905 0.0495046329822099 0.0497512455802783 0.0621163849197613 0.057571229750873 0.0368740530213926 0.0350474207299877 0.000600112040617391 0.0132460262013155 0.00042097088707997 0.331476475775327 0.203333777041794 0.852823065480351 0.913357068696777 0.000316875028434731 0.940269507418619
0.1136755731624 0.118037002662571 0.127363284943777 0.216764619710294 0.0173517515669675 -0.0348299317521225 -0.0440412068714647 0.0934005247305606 0.0611410127608913 0.00699506572078684 0.0888597819335737 0.0455523141642333 0.050527726653309 0.049895081948928 0.0447674066677677 0.0496001155872589 0.0553194704223949 0.0449945149435574 0.0515610373519574 0.0313579836858291 0.204090679610911 0.0111566398702733 0.0134749362381722 3.65845672509367e-05 0.699228794197247 0.484357429551447 0.428054403394266 0.0407633188839446 0.23882305034602 0.823985539227457
-0.027321055984931 0.00689329187261152 0.17733817746942 0.224878910732527 -0.0497659745532283 -0.0699105044174476 -0.0111049841484906 0.00296852960465746 -0.0809428401627811 -0.0423841883576128 0.0452858919822471 0.0810676547833429 0.0396101587102888 0.0418513054644302 0.0504228196711557 0.0507189988547731 0.0526384761120251 0.0754556389366422 0.0578663686780101 0.0519970240160938 0.547825429594523 0.932425338675875 2.2113201468991e-05 6.01945848450647e-07 0.326301745902079 0.171500156112077 0.833389925258642 0.968705347434778 0.16531296340502 0.417151363145727
0.0417772556583976 0.258601220789821 0.0996970433893927 0.153861078981229 0.0586900058065244 -0.0343342156737298 0.0709976920982489 -0.0813498738976962 0.0168766782483768 -0.027405287294752 0.0360466538539675 0.0888786978611168 0.102876747776135 0.0842827274219579 0.0508115362552678 0.0433590929604265 0.0357196185454931 0.0452088042640034 0.0314523160039656 0.0391264988705525 0.24953127163683 0.00455932182158833 0.335096380863931 0.0712369489425442 0.251126308651293 0.430526009887323 0.0498912783753051 0.075302699474687 0.592881796440577 0.485466976411594
0.0863692909909548 0.0241452540497191 0.112199225875095 0.269770947552128 0.0246040369313952 -5.58399527529616e-05 0.0321722048830065 -0.138718341251635 -0.00927909498056342 -0.0373496118456865 0.0431010431983412 0.0343739072338465 0.0742385034893151 0.0346860122629885 0.034269712356458 0.0596984905070651 0.0475068223937375 0.0365325726821758 0.0395075409558078 0.0620946152825006 0.0480897809989971 0.484224031293862 0.134206557634568 1.16913310069903e-11 0.474645926057844 0.99925575600215 0.500008328578506 0.000265376240038635 0.814843984419644 0.549022345437685
0.0686472017052363 0.0523300820235342 0.0971330248436139 0.257414965138948 -0.0276915242269016 0.0333987792889658 0.0328628494363481 0.0136403030647276 -0.0443979861144067 -0.00811680592109147 0.044976101844345 0.0524116441088887 0.0513036382856795 0.0647449841079834 0.0369184286213574 0.0488164523553112 0.0445082098720123 0.0325922683673543 0.0658397920707983 0.0554741111168165 0.130440928347134 0.320741108836955 0.0615313641296907 0.000141413294148934 0.455166990528764 0.495625415223994 0.462219934806413 0.676568763190142 0.501827668400212 0.883998377296576
