0.141247181295389 0.0979357425384985 0.120038585356332 0.29263333480913 0.0191875565777134 0.0583969912221367 -0.0149622391580994 0.0275780451695639 0.0861333322907129 0.0193632609403714 0.0482752098058257 0.0439899403788007 0.0351507631847805 0.0277091159161363 0.0558160611849476 0.0698761225258864 0.0336489285146463 0.0344026072596657 0.0354578319585241 0.0480794975558473 0.00435816890502524 0.0285174418399444 0.00096269799590841 2.24026501387571e-17 0.731834533214696 0.40554953287758 0.657646952155843 0.424904101032432 0.0171429505547592 0.688109471952771
0.0565496907157297 0.156231439657224 0.127898174920092 0.342463476371523 -0.0462947907134228 -0.000795737803781206 0.0659586544481023 -0.00110662058814393 0.409002394344213 0.00142313303655188 0.0599581039355711 0.0650753766561552 0.0389775043963653 0.0440000210223737 0.0422305579028688 0.0533231928142879 0.0411900997391749 0.0712427401528408 0.303166365763016 0.049847579969757 0.348155681776326 0.0184420976489285 0.00147656565825698 1.20682739770897e-11 0.27593159177569 0.988127075552863 0.112849103579112 0.987641646051451 0.180726520712295 0.977287657784007
0.10850007759498 0.112230444374826 -0.0850224917587214 0.262398758875065 0.0312614498458322 -0.0402571241018583 -0.0301568039019769 0.00879392686608057 -0.0674437907962145 -0.125861754884356 0.03437046759578 0.0457378587644114 0.260440526938942 0.0552739277233552 0.0399893472395022 0.0333884764684702 0.0430365765164026 0.0319483322931817 0.0668583956092898 0.1774369089757 0.00218493242190627 0.0161069684578467 0.744854171036911 7.93639844904495e-06 0.436463053629825 0.231157761736798 0.485323348930429 0.783765867835966 0.315857485726289 0.479993375780006
-0.0425958463940753 0.0910319638182411 0.159375108705844 0.272108930094333 -0.00941385560279922 0.0352772461990613 -0.149626513291354 -0.0639141318201746 -0.0583435911753771 -0.0341069643767583 0.052891528804424 0.0313906547287461 0.151752345684596 0.0506100761048908 0.0534068688941405 0.0294160089072862 0.0914678164816532 0.0315075676947033 0.0762159401095515 0.0573790366765145 0.422792222499014 0.00471217504450389 0.296487274820982 6.17168462380068e-07 0.86048939043134 0.233648637867491 0.10544547436253 0.0455289980758673 0.446019898086776 0.553759711655801
0.105051475516317 0.0702622964592759 0.211101827180767 0.310594328762459 -0.041473421051633 -0.0153247103630109 0.0209066823566882 0.12666933182822 -0.0102142641628505 0.22487826253701 0.0266148185805231 0.0304678371693612 0.0417618637587316 0.0450656634774698 0.0432695238161974 0.0331007322064629 0.0331556152115603 0.0514135408163986 0.0773831059242174 0.0568272596143911 0.000157742047190086 0.0234274211377285 2.28433182051925e-06 7.60562767060396e-10 0.340412143928049 0.644514542608951 0.529942567462616 0.0156726186326224 0.895285367350947 0.000152171435995364
-0.0409977426265154 0.0534102681843585 0.185028877961666 0.325899318037744 0.164908221204774 -0.0254333139422768 0.0176841085411086 0.0463236478639966 0.0314766025229924 -0.162863606334239 0.204771015042151 0.0287677288704496 0.0369489809542466 0.0369451964243422 0.127453261342321 0.0676221418195377 0.0285685087602366 0.0264966305335905 0.0352114772478009 0.14346832117733 0.841786985366534 0.0667914981067843 2.90173234728575e-06 1.13830481042585e-13 0.199173684040552 0.7077619047146 0.537548008331228 0.083983390255146 0.373854133849281 0.259450222763888
-0.000782376607234651 0.138164749532439 0.164301236166399 0.43614309311447 0.0163762808944959 0.0428900167317215 -0.151876281343919 0.0606409381773073 0.0251464535062712 0.0456451870311594 0.0455827216504018 0.0455052966808281 0.0408729261591267 0.035601111828315 0.0320530289299861 0.0366870351310218 0.0747828497691972 0.0442499506268799 0.0296635841478669 0.0329033122671068 0.986344728621474 0.00315105680208772 0.000122604713620944 1.01644441518967e-20 0.610692001651306 0.245529118169892 0.0452833976725887 0.174042174536355 0.398892979753437 0.168868352578794
0.0331951407755159 0.108938118940621 0.247608005501621 0.222583903433596 0.0503955688409374 -0.0737945466258857 0.0660720494437651 -0.0782205498131645 -0.0688308089036733 -0.0300103480722766 0.0470963519052523 0.0398257632187756 0.0940093501228731 0.0547510080855088 0.0558553986931655 0.063678012161771 0.0637406964189007 0.0556406553524702 0.27575652378523 0.0376685603653429 0.48277446753886 0.00753539935717584 0.00997257654227031 0.00010407661515591 0.369386698971589 0.24964421324308 0.30277371724224 0.163299640249655 0.8034728706239 0.42777247223801
-0.139677723728079 0.0527567022385844 0.146165744513901 0.266091727045335 -0.0134224701537117 -0.154701100670276 -0.00334970522194267 0.0281414405939135 -0.0250596257591013 0.14644559547254 0.117841944933705 0.0266830912928598 0.0601341832789943 0.0692254613743779 0.0300393944814631 0.0585314602034074 0.0406416625183839 0.0391301216061843 0.0822118478763509 0.176725714923882 0.239090920568388 0.0511539138545907 0.0171006874509799 0.000228389994087811 0.656096339842952 0.0097259727626734 0.934499536961974 0.473938034391963 0.761224746565407 0.409538549868174
0.234693872404879 0.136324662086019 -0.00770367838208158 0.266818066001959 -0.0908988341381874 0.363352526820186 0.0157952118428797 0.00438565708300397 0.0251732086834719 0.00958388803800765 0.189062004614639 0.0366502553719929 0.0600620471108676 0.0377018519696756 0.0434396464588347 0.0611447383935784 0.0455499793177781 0.0428078421060876 0.219564262381915 0.0364365600452097 0.217771812739443 0.000350716465017236 0.898234303920385 3.39945626744562e-10 0.0392705958605808 5.51441450578767e-08 0.729594511863331 0.918632711126629 0.908983139437966 0.793142741775646
0.0237475496327951 0.124178731703624 0.182428923768857 -0.219239032270442 -0.0312459808945783 0.0135108822074877 0.0646164249438545 -0.0905934509079832 -0.261681627398033 -0.0151708331580785 0.0366235795511894 0.0450563188574184 0.035701794905355 0.134552656918804 0.0535984057302808 0.044966174701397 0.050758061091176 0.0576051774265595 0.0679792913708002 0.0401751557010564 0.518381304116383 0.00709563359649934 1.82601103421374e-06 0.106764622010838 0.561391265826157 0.764521189909781 0.206323431849908 0.119345620187434 0.000222531659862399 0.706613960191406
0.0869472006359745 0.117571776227783 0.0855079038733266 0.253813904626641 -0.127711077514938 -0.191614183996742 0.044683024479884 0.00317340668454969 -0.0525180671921325 -0.0273000783367707 0.0445142063541387 0.0442527585760363 0.0567781198916473 0.0425825187130464 0.093842123659322 0.0422746829552869 0.0473093617729519 0.0513550388230492 0.0506972916230652 0.0445034126730718 0.0538967975200386 0.00933196201100408 0.135568764985142 4.83139837730136e-08 0.17693891359365 1.786853822575e-05 0.347450107679844 0.950864316678792 0.303017349282697 0.541134133967647
0.0864448775749951 0.00371999265796295 0.066236719106927 -0.369870725637607 -0.256241879151542 -0.0445095174249307 -0.0822887298985186 -0.141181709628423 -0.0182471045516859 -0.203902730631697 0.0603929322041465 0.0865594218987435 0.0497745777669913 0.198633682416323 0.247982767238817 0.0374660934731233 0.0587551543102433 0.0690338692239418 0.0561442965782435 0.0522467226189359 0.155864989790544 0.965817891838081 0.186714442935755 0.065929989935237 0.304292504614567 0.238032003615849 0.164868975653154 0.0438311411103879 0.745949664827864 0.000185838982154028
0.0243809911268682 0.0968333003582126 0.16015204153823 -0.0407261491377011 0.0166114583131985 -0.00117225991919439 0.00178104171557883 0.0464034483105216 -0.00346226506259251 0.0342762207658396 0.0570612465618941 0.0448348961150966 0.0477173165571872 0.137282276773602 0.0299845383286142 0.0298346436421998 0.0355603959200146 0.0332496683688466 0.0358403335397932 0.131347444206945 0.670220833687619 0.0335094086671678 0.00116800802863439 0.767425210925628 0.580983368121979 0.968746666017251 0.960168175612728 0.166344656157512 0.92326175412885 0.79473430300658
-0.027116150074715 -0.00560177193056091 0.245864502719335 0.228931250186938 0.0495569695186391 0.0436538380743301 0.1936029017666 0.236185167056951 0.0417271791155058 -0.154923980775163 0.0539236419626139 0.0355535383830832 0.0619311527167002 0.0416128888507226 0.0546416790338715 0.0655909908356529 0.0657872659667254 0.189805073932702 0.0424357245136178 0.0407677911622626 0.616317534038479 0.875165453655889 0.000146476705795092 3.65393012973388e-07 0.366912947736382 0.507441908605772 0.00415706928032817 0.216672495224089 0.32815406256745 0.000265833549013037
0.118333046406378 0.0782860936056785 0.255068366041998 -0.313926300936381 -0.0303496329404159 0.0462875454784916 -0.0216865259866315 -0.0477858161662452 -0.00801214942014097 0.0289571586433072 0.0403381460776734 0.038922474921971 0.0561694820927726 0.244531020951709 0.0428752111640937 0.0453318950670416 0.0598843611264496 0.0479040936106996 0.0398333781834753 0.179493040517195 0.00427248428197942 0.0473500212206944 1.76868628413286e-05 0.202585728860998 0.480903042284219 0.310014881661546 0.718115572887905 0.321241932685078 0.841052043155086 0.872205293626303
0.117261308246173 0.221328741454284 0.195448335768558 0.235712171054123 0.121086987042973 -0.00116032162136208 0.0734524613754772 0.0969668947772002 -0.0455851296594832 -0.0468729234533261 0.0731098001926102 0.0665903137945384 0.0632037731421447 0.0435772652409098 0.175696854960794 0.0598406479160853 0.0565552368804886 0.0448931444434045 0.0399393876152787 0.0748416418183975 0.112277643057832 0.00129070655692373 0.00265217276428677 5.28119919837752e-07 0.492502048011191 0.984573239496284 0.197376517581392 0.0334647016280755 0.256782794181004 0.532724714379573
-0.264005490343227 0.0420073498988775 0.185139219136378 0.110254214940554 0.0367862976716752 0.0236733386310443 -0.0207999648905317 -0.0677421984347756 0.0327893772302718 -0.0499046298545244 0.179086352906309 0.04368686318 0.131184093193958 0.0507919358869479 0.0389335027875498 0.0610660807136999 0.0329564261092428 0.0322888072052429 0.028317921035971 0.0335321750965393 0.144001673146176 0.338907572276743 0.161683995631162 0.0326461771188907 0.347322808519386 0.699198165815614 0.529587942727354 0.0387712614521045 0.250037018903143 0.140256938592503
0.0690738444223849 0.0742013699052872 0.041195320182423 0.273418521297471 0.0132944328758578 -0.117491139010441 0.0387718160245128 -0.0159530677886848 -0.261938451254237 0.0910287394251633 0.0369709558039394 0.0400575498963236 0.0499586122065739 0.0378384867784562 0.0486134055949366 0.0803904337621082 0.0522285449515127 0.0305812305512513 0.104228047879309 0.124331244788133 0.0650822668035902 0.0673639352806549 0.411860077623255 1.79866048633003e-10 0.785138145042599 0.147479095057549 0.459875414154245 0.603231186628739 0.0138093590845123 0.466046671147339
0.149038846693041 -0.0441132758203539 0.233903427927085 0.214634862628711 -0.0258704160719696 -0.0330651519163476 -0.0328298359176434 0.0421735013353581 0.174633124497949 -0.00288777681075095 0.0381434593799519 0.237301956137049 0.0334674175428804 0.0423139397702926 0.03702515483622 0.046299008611426 0.0386934946929027 0.043633158821052 0.112951015754799 0.116727357109156 0.00018410828844119 0.85295975199676 5.32465281095888e-10 2.19771575351213e-06 0.486587320040341 0.477036614651851 0.398510939087056 0.336449698281031 0.1257113622625 0.980319402473262
0.0806171904065244 0.0960904580806091 -0.0400562223180104 -0.251909853117127 0.0173895009188015 0.121878669950815 0.0630544378112484 0.0381387766270892 -0.0513885153932956 0.000714353806259688 0.0292411013395149 0.0769102550999974 0.196011636871001 0.177976855290803 0.0567521734934231 0.0702955776132708 0.0472747180721711 0.0417945590799024 0.0493762393496134 0.0471959694914304 0.0070923755159074 0.214837519922294 0.838546929396564 0.160478240063718 0.760015385415308 0.0864552016965387 0.18571530539432 0.363983149371694 0.30084074245667 0.987958017891499
0.044920092587932 0.123001945350139 0.0603964741626331 0.206951305677041 -0.0272868984821525 -0.0566147803492107 0.0144794216069737 0.1267125068613 0.102832766180507 0.051587108898292 0.0453840955216893 0.0384056329107587 0.0590811476523007 0.0523361266950803 0.0392788824788778 0.0385832989646984 0.137607830975712 0.0392986255568829 0.0538290324065524 0.0783490518470565 0.324997294537082 0.00189578484107711 0.309458486883848 0.000154872666618892 0.489075722936509 0.145848828266848 0.916438834227782 0.00177227803020103 0.0593435781562806 0.51198294875762
0.113263021040778 0.0871594551131672 0.159146057014246 0.343362097884239 0.0483661683971359 -0.24379053006803 -0.0173135451846651 0.0193127836265423 0.0554056619036238 0.202381671938015 0.0380681064898448 0.0391749992511843 0.046679138729495 0.0414581748885536 0.0451435451960015 0.226720335657294 0.040646750132285 0.0408888628236355 0.0418486406091611 0.0619517430869637 0.00376816963113472 0.0286180567924205 0.000980334601340829 1.14297330252793e-12 0.286892606842646 0.285150528054264 0.6711715287399 0.637851789211713 0.188908819420989 0.0015460162499307
-0.0558110474940977 0.0751174517033952 0.248167095589068 0.192246202857998 -0.058145093107941 -0.06475763254594 0.137585651342289 -0.070057720455575 -0.104247624825691 -0.0953230120384843 0.0265680153626989 0.0513496650955033 0.0331649018550349 0.0508842759253891 0.0378236319366146 0.0284041358312315 0.0578705931993809 0.0478326496526985 0.0373151483498447 0.0970565418337954 0.0384968255852268 0.147027855846562 4.93520968618682e-11 0.000285147995171147 0.127775216041593 0.0250054916397089 0.0195729155527077 0.146542116151299 0.006379892212114 0.328693755031784
0.116730655537414 0.0430517678768496 0.206833984155401 0.266267345684768 -0.08278191204687 -0.0506765397858929 0.0599052548853077 -0.0051616047297163 0.0359934666009692 -0.0387548146019959 0.0310042828773031 0.0482006417347664 0.0323935192460152 0.0256042766441153 0.0435727757739519 0.0392822110498232 0.0317892554569531 0.0831804231656649 0.0294116837788649 0.0544449923969203 0.000298362391657147 0.374170496521237 7.5746088622969e-09 4.81228970538033e-17 0.0606903204844936 0.200370589373964 0.0627680921628087 0.950659674834657 0.224264748883237 0.478440457223441
0.110379569230594 0.15903946945205 0.282063136410809 0.000831727013939042 0.0179633672114338 -0.0931413621203186 0.24793019857499 0.00119557811003989 0.0320624851178511 0.0382094772038159 0.0358419959391309 0.0499067793187385 0.184838008054853 0.151406616153975 0.110692156666213 0.132670360265145 0.0569403057094539 0.0550088391005547 0.0549913924289082 0.0462994592667294 0.00278243480886445 0.00200612917976003 0.130678840566244 0.99562969899305 0.87146431697119 0.48454309573022 3.66854307284349e-05 0.982710258795557 0.561388458799604 0.411502632445249
0.101208653264297 0.0823258114642058 0.210192590276586 0.2466304849266 -0.0480704405539226 -0.187189711789747 0.158870567067638 0.00717194469201355 -0.226520537224181 0.026474462832308 0.0363144737701985 0.0311872583784205 0.230662716064793 0.0719104099094191 0.0382603898390695 0.0432909307440005 0.249016242017 0.0672817733042886 0.0487801217980217 0.0401738687565933 0.00651639442993439 0.00981444465446975 0.364650414263868 0.000921779393594151 0.212295235839051 4.02582107836627e-05 0.525135092145296 0.915352396418289 1.18961281964673e-05 0.511618351481657
0.0144757381466702 0.0928804638787584 0.231895080457581 0.286322901226719 0.0406405616817617 0.201285634679388 -0.0108237539752139 0.0906425807235542 0.0248458714382611 -0.13336791112865 0.0345896085298792 0.0340475451105574 0.044484690007365 0.0641368530057045 0.213869866350509 0.163263043936306 0.035007580553369 0.156813085750459 0.104954523972534 0.0555689724609431 0.676625133293679 0.00772489765378397 1.26189305753502e-06 2.42486470752994e-05 0.849737574455335 0.220975773490711 0.757930037618229 0.564754749108918 0.813429318187671 0.018550976381031
-0.0963635876664554 0.0813859799290524 0.194854459716889 0.342583047985837 -0.086843718473814 0.0269813053636353 0.0918704508705601 0.0677586905045119 0.0305147000993571 0.0421241791370443 0.0724419949236125 0.0614679167868287 0.0488114042403758 0.0329037115030388 0.0549199861858727 0.0514753309276347 0.0402031251127088 0.105010611835211 0.0523705147752459 0.0397687535616881 0.186807741628482 0.188842708439002 0.000133474618561133 4.00180051866032e-17 0.117322836690277 0.601455842450054 0.0246532884374078 0.520403107170738 0.561572850458598 0.292330463589318
-0.151221772874575 0.110118705576907 0.272877843260901 0.259378653803803 0.0200217407952708 -0.101564300355878 0.0271080772595671 -0.0293080386954696 0.0997112551623246 0.0473679581470075 0.0808659446654081 0.046979132581878 0.0392075717867913 0.0486047354760511 0.0537164814787911 0.0979284319830189 0.0410709877043529 0.0529847313923337 0.0851771678130128 0.0317847877057497 0.064766904472247 0.0213051038903913 5.57244668939328e-10 7.15623782799953e-07 0.710235633148937 0.302485931470859 0.510939226829645 0.581553526637526 0.244871017331961 0.139688512194184
-0.0192900744770182 0.101255864179415 0.195202946608973 0.0840495989836049 0.338685417698299 0.0253438617190372 -0.00527146024618286 0.0461630590135729 -0.0164314700835982 -0.306638487051062 0.0490020583432343 0.0523701935830232 0.0389302647834062 0.049517684411954 0.205036606337436 0.0331342546169637 0.0470302049994302 0.0496075901029474 0.0461702357732287 0.194154110000465 0.694785418057187 0.0563937546287202 2.73752562058226e-06 0.0931617382166423 0.102133524867185 0.4463869928758 0.911009945262629 0.354624747068661 0.722775583534717 0.117842378256865
-0.302897314299235 0.0866957962991761 0.269442228551223 0.101193993148889 -0.0303519238705955 0.0568289487413709 0.0200214759962328 0.0492265571049844 -0.00290363422355061 -0.0321120594306547 0.172946743628001 0.035981446709352 0.0660928715342424 0.0698305934058986 0.0376301819307578 0.0331365500230173 0.0350228253916053 0.0381067074281528 0.0372297405570962 0.042843190022147 0.0833628634508179 0.0180598366798415 9.99036179181098e-05 0.150854012187028 0.422080379739891 0.0898660340210544 0.569003334906434 0.199806028070642 0.938011219268307 0.455539639824646
0.0741680125322298 0.0261178198936251 0.138266901356982 0.260630267610023 0.106083475934445 0.0494122548691486 0.0464234783338117 0.0715266571785038 -0.227127801585597 0.149559039800203 0.0446342301788151 0.0394652129405974 0.0311552858386146 0.0492818825724223 0.149625553835052 0.0632560004189332 0.0434372452340669 0.0463239149528905 0.165203231831566 0.0705283613152305 0.100134616821184 0.509832859220737 2.62093858386207e-05 8.90116257270716e-07 0.480202923759168 0.436812294532172 0.288106076710125 0.126163764796153 0.172672021602392 0.0367733977381716
-0.0508139710853741 0.132104791313394 0.148082922239668 0.293097555703206 0.196549494518146 -0.0710428523148677 0.0258769258732364 -0.0442453309567506 -0.0613978368584924 -0.0176149887218423 0.0456915888525616 0.0308529961799257 0.0397726353970085 0.0428185131442387 0.14707267304482 0.0427943912821661 0.0772671531045143 0.027171962073873 0.0420828443069937 0.0359835554906134 0.269086845011912 4.66878668428217e-05 0.000344395403728142 9.42861568793793e-10 0.18482172926589 0.100414442330376 0.738487030465172 0.106986729929435 0.148092259754589 0.625671732352085
0.0357931939545447 0.111011854950089 -0.044757567551884 0.281447634385711 -0.0227501858592357 0.0367941345527419 -0.0417812992436217 0.00265436572822735 0.00369094306767606 0.0235097414237382 0.0383542750939238 0.0287845551941832 0.0393488628110206 0.0502978238189804 0.0665279930893765 0.0554171080607831 0.0501099127971116 0.0293191125315818 0.0545531126535817 0.0387282840946361 0.353200410490533 0.000215602627815699 0.25836724986236 2.34670045406634e-07 0.733175135093725 0.508420298006393 0.406605091311153 0.928064355540394 0.946208133410115 0.545350681428173
0.0301952896779655 0.129566735003461 0.230770466702689 0.253065519519551 -0.0389844680429062 -0.0188210741862268 0.00815702369664831 -0.0688027091208699 0.037139088419903 0.0402197501460574 0.025829219580058 0.035781195774499 0.0497235039998792 0.0284192854500947 0.0459402289728705 0.0215754410931585 0.0465062255177225 0.0501075013657524 0.0294625418870598 0.273775990925806 0.245510673514593 0.000487181978794597 1.1873513273665e-05 5.91630511405174e-14 0.398385509229863 0.385371439611076 0.861166618199045 0.173170263771749 0.21076483863645 0.883537292411998
0.384693434052796 0.13498639715009 0.194966405569884 0.261759620214652 -0.0349782888867385 0.0617006634086226 -0.166425418175349 0.0813148344296642 0.0323070199056171 0.0356797378442054 0.132869875551183 0.0395205721240979 0.0484017005520706 0.0375484243427029 0.035839730012833 0.0434228538500485 0.149011953568129 0.0648604253760521 0.0344753438521661 0.0555327641202628 0.00477706089430214 0.000964878401103963 0.000119017337951787 5.52285252338487e-10 0.331757564956102 0.158872115960362 0.267094546940363 0.213275298555549 0.351269263553352 0.522219746731849
0.215777711435763 0.0277987205871522 0.200571731071873 0.354260970946137 -0.107538377591573 -0.110740404394448 0.0628435758149395 -0.00188944144514056 -0.101941655371685 0.24127228890227 0.0608319953469217 0.0492350282787805 0.0470840935499112 0.0395316238274595 0.0370980530311173 0.0533413430313979 0.2611912049936 0.0812621331773405 0.0275627033681944 0.272097806436805 0.000626981687690699 0.573773661806608 5.11105983790352e-05 4.92786438855064e-14 0.00472877504629998 0.0408048629555875 0.810421916520538 0.981502546624478 0.000376859602752888 0.377651067145121
0.0673141110262115 -0.116569972575919 0.21486274205285 0.295830492972104 0.0320752040894208 0.0232340571368343 0.0055952802910465 -0.0727507176886445 0.0192481979677719 0.0167609729176539 0.0360314349600003 0.0943115840559964 0.0441937490498885 0.0485920560281369 0.0615945245386433 0.0384533941983436 0.0513302141704516 0.0379120913450225 0.0331020001209479 0.0263658742415427 0.0650236896394215 0.219707471943591 4.97278218375421e-06 2.83500842625266e-08 0.603835760285761 0.547238913654285 0.91344345088172 0.058197669244573 0.562385896400653 0.526598637155941
0.0458175950200395 0.113886814457942 0.0765458945297664 0.0449185812388281 -0.114073423435276 0.069952794104094 0.191368744301419 -0.0577751342107442 -0.081688526421221 -0.0485491170166769 0.0376448721088286 0.0472815894164189 0.0891641368696039 0.122497801707308 0.0614308653648871 0.0470974172685105 0.163409659271099 0.0366695446506509 0.0392982428650936 0.0394549075293292 0.226819905395775 0.018095357385452 0.392958132830024 0.714731324888278 0.0666651522693239 0.141043613118952 0.244720661210065 0.118715232530422 0.0405581411775563 0.221790365224047
-0.00234639700539636 0.0954190167435381 0.0876026448695927 0.346139465732401 0.0309638454959646 0.113912491242322 -0.0366056375277005 -0.138331882952603 -0.0501655214038246 0.0288868149516894 0.0566978713128853 0.0434480967745127 0.0444587401474732 0.202765880654614 0.0636516918836429 0.0519645645699136 0.052262738184914 0.238102827345725 0.046465530210173 0.0510880691298275 0.967083346244313 0.0307099367820796 0.0519332361883992 0.0913317180333916 0.627852113361632 0.0310105238905887 0.485515520938354 0.56274206034027 0.283257728579538 0.573218991246593
0.0127703713992312 -0.241261700516571 0.187667797228554 0.337785691907759 -0.0181536446997258 0.0626707247642639 0.0764636865843753 0.0952536412261595 0.0859222111810634 -0.0312159040676958 0.0298928630787643 0.160119753939016 0.0326683405595602 0.0429980369732746 0.0277724476230418 0.0379504100302232 0.162238716180803 0.0531314756612979 0.0636822310956201 0.0335472962276663 0.670273713146944 0.135454208654323 1.2974560105463e-07 9.11872060290576e-12 0.515037461132911 0.102224407935713 0.63859031243611 0.076442338569032 0.180723217526772 0.354655681953554
0.0465173989271308 0.114406289627298 0.150617093831701 0.266665682348088 0.0860120863840335 0.0259652878066302 0.0057139060298152 0.00398452756533028 -0.00607378304486425 -0.0136867109254511 0.0416103603319404 0.0370568336968811 0.0510182256541884 0.0395174567249898 0.0355073508251048 0.0319868485587834 0.0318940683721271 0.109396819206214 0.042831157312877 0.0305860828305054 0.26660619135175 0.00269301469666521 0.0040336499670144 1.46860079899016e-09 0.01744646123003 0.419101515994906 0.858225084292147 0.97102688391456 0.887552501924567 0.655614564589027
0.0525447975468045 0.0946112500102318 0.161496592926428 0.0491205695226228 -0.0178210389164223 -0.10914322985997 -0.0171526692344146 0.0253358234005614 0.0186587988847922 0.0170619605582069 0.0288634072009435 0.0514922655249997 0.0237067768474667 0.164813464614361 0.0426144888562102 0.116802079754931 0.0339279428962752 0.0359115001563863 0.0278220521003334 0.0251805284652252 0.0720875829099297 0.0695277010098922 1.14120712457732e-09 0.766377188093449 0.676825493773973 0.35263975716892 0.614428350061449 0.482358023210852 0.5042012553424 0.499812160919943
0.13763483911994 -0.0111727269544342 0.220002492910941 0.256332109062702 -0.133414216557236 0.00729773067539263 0.0427266233604382 -0.136110378772997 -0.0470183408796118 -0.0743884222782886 0.0330320566036911 0.0633108345278716 0.037757645069118 0.0629456482559379 0.044489515763884 0.0385540470531276 0.0583210082753568 0.0402339861167678 0.0357376004441553 0.0454682638286739 7.08292286877514e-05 0.860317945834947 8.66617486972033e-08 9.99562804109409e-05 0.00350464600935372 0.850295106450573 0.46569933520786 0.0010632225105328 0.191631627717054 0.105321372391414
0.059419038679388 0.247599621621681 0.15986426202111 0.304621660291001 0.02006255708052 0.0210745252997388 -0.0848929368221572 -0.0249342604738903 0.0327299888012901 -0.0978365614272196 0.0605730545777854 0.0361172202009109 0.0440483372502064 0.0322398783811529 0.0328115994291442 0.0508211609332963 0.0336611532274582 0.0410166789339213 0.0348687365902169 0.0390121419160787 0.329247829572057 8.63392926750891e-10 0.000471440858233268 4.0066659530178e-15 0.542445041205315 0.679362863899971 0.0134277315488662 0.544781194688724 0.3504161653195 0.0139394578300199
-0.0650443343770096 0.185180602283955 0.197623731179328 0.273086185413735 -0.0423848764863985 -0.1291157765246 0.073925429300292 0.0110989528582569 -0.0368437291545844 0.017253966347668 0.0351407408033236 0.18200321277998 0.0524314608989853 0.0380707522231607 0.0560374465220348 0.148185763706122 0.0494775383806117 0.0568738745930815 0.0609264674938216 0.0381929831891729 0.0675290215356921 0.311724852825267 0.000295853834267651 2.18467597069872e-10 0.451449312480245 0.385955646319257 0.138721179418294 0.84572516641804 0.546918178715297 0.652555179089219
0.0123048327697431 0.0766224460992041 0.164651226008708 0.351275637979467 0.166557532060038 0.0332275741010468 -0.0782173477558058 0.00591600323827485 -0.057290485508326 0.0457763476254426 0.0477939738778459 0.0432171138421739 0.0436438385068057 0.0707768039257324 0.127853922207513 0.0551478525636464 0.042404108429147 0.0469966115611174 0.0669434293224762 0.0413023077581135 0.797421303553306 0.0796557013069384 0.000290612886761733 3.31231670308245e-06 0.196031982191453 0.548361502228572 0.0684265869838558 0.900109670526648 0.394404130972148 0.270707981525107
0.116409827526156 0.186073055270775 0.165497004539753 0.295582202525654 0.0217251476026875 0.0285839461946224 -0.0135225078041823 -0.0611025507706154 0.0280250066766125 0.102988330975902 0.0502280050688466 0.269694281803329 0.0617350518729679 0.0322239952017601 0.0435343610392237 0.0526745855099024 0.0399460593159747 0.0486380196552811 0.050609048012984 0.0682384164008201 0.0227898301513618 0.492047021927915 0.00876928435262953 1.8093986414313e-14 0.619000332704915 0.58874144766829 0.735778327214978 0.212342456228006 0.581150967035788 0.134818987085107
-0.0451370911484456 0.0816084452184892 0.283157071118783 0.122570678366846 -0.0559351352314673 -0.0301595511486067 -0.0381851631236423 0.125339823262734 0.014646336232658 -0.0296952951476443 0.0506595318102904 0.0575097519045148 0.0394757205963844 0.0527377231582909 0.0446496683551685 0.035638911966248 0.0351400283244702 0.04305068305404 0.0450941537074431 0.0620313793079945 0.375310769165561 0.159342363157298 1.99040096581064e-10 0.0223685890857617 0.213539827077982 0.399655865267331 0.280090168316888 0.00453474463230433 0.746090311821702 0.633303014522873
-0.00459773692287957 0.045094939435042 0.211958855087793 0.237482590881269 -0.0342632355072545 0.0859719126162162 -0.000198115751369018 0.292912746584102 0.0872652240866393 -0.124543786031717 0.0575297559160331 0.0306137304958537 0.0474715879785025 0.0475479373708707 0.0371122526402596 0.0545977697633802 0.0352814791015244 0.13229035112114 0.0654276078319545 0.0328931792158453 0.936480883485417 0.144270913522613 2.34061575823771e-05 2.91733632504466e-06 0.358382307773917 0.118887475213423 0.995532237557046 0.0293724578161538 0.185683308037345 0.000277171091657459
0.157751077084084 0.0630567383473404 0.230604009311351 0.307696484373343 0.00538998997672057 -0.318266000844161 -0.0132900121671482 -0.0110730629694587 0.0449212813423919 -0.0454125121013775 0.0485335488058161 0.0300695096086903 0.0326101413086811 0.0238569257063491 0.050695202028544 0.102242264058961 0.0376646518981356 0.0304870911656245 0.026041644161466 0.0349738446017869 0.00162790616906956 0.038827375088837 3.33172646521491e-10 4.43678628882358e-22 0.915566557470488 0.00249161736708768 0.725034411032033 0.717313018272067 0.0880023867345484 0.197480152826033
0.0401078681143452 -0.0869134709984958 0.202194525108411 0.284457845929194 0.0706637516924036 0.0113695278824336 -0.0691382863145853 0.0699037915889148 0.0367001275957294 0.0478325582647068 0.0454364125748956 0.0566243702572318 0.0549014398814022 0.0750123443828314 0.0453019012258726 0.0582341782849361 0.0632772381756484 0.0481325820485236 0.0448099724087907 0.0500741897425057 0.379736447632061 0.128313351909426 0.000393124537330351 0.000269990754978104 0.122307171997074 0.845646677853164 0.277474626063399 0.14989079359761 0.414940210520348 0.342018237070373
0.134940063878018 0.0964337307185745 0.131188250184575 0.202869950444947 -0.0341436003659852 0.0815349513897062 0.0589140195962797 0.0591443647888616 0.0358721893809315 -0.0680649246504108 0.0492128861471583 0.0825383630808415 0.0353709034888238 0.0643402510791866 0.0355877602383369 0.144876899444449 0.0397438987513608 0.217170017161076 0.062851155625887 0.0574548119011759 0.00741303009111259 0.245857088338904 0.000365869564195408 0.00221738705102993 0.340006107315333 0.575026819771663 0.141862819983447 0.786004919381345 0.569641570265322 0.239374617190991
-0.0125546673415705 0.0660135819402713 0.130347809234078 0.254874734104622 0.135456748999389 0.286083139075823 -0.00676328235224333 -0.0255242896700105 0.188878743037455 0.0177439046561679 0.06275534795383 0.0387404326177971 0.042736136195256 0.048033813248114 0.0403351755608271 0.142748553665583 0.0445194606064127 0.0515739028093394 0.221815488184491 0.0444239679251472 0.841897338504139 0.0919104584026628 0.00302291513644302 8.27475401028481e-07 0.00116050745439947 0.0481337824613844 0.879599804810466 0.621899137698559 0.396795789400965 0.690550119283078
0.00206826705309036 0.752963573372097 0.134773180552681 0.148733405597449 0.124853574303287 0.104963503117757 0.0823003234627955 -0.0763630116448532 -0.0195454157644965 0.0286474913821672 0.0415353526194166 0.298238795078458 0.0855784574340444 0.08946105997716 0.0583240108995648 0.0512803509724358 0.175577671669468 0.0534179256761792 0.0529483833160268 0.0760966443809205 0.960398327895435 0.0133723059544884 0.118879695055828 0.0999607990603869 0.0350647803350083 0.0436552671907412 0.640414423081599 0.156389933144122 0.712909390631181 0.707479654661101
0.175782805814551 0.0536513920690106 0.153965086552341 0.304822213926234 -0.0461148433315976 -0.0397045689476167 0.0227549203094968 0.00978419218362295 0.176319204842601 0.0647549720180818 0.0255808269993387 0.0446007599723843 0.0250557013848708 0.0450541099057213 0.0353722591468583 0.0470586617711154 0.0472429875535737 0.116151324783463 0.208000678719924 0.141956516232075 9.08398305518192e-10 0.232268570182617 2.34241102493864e-08 1.46869016289642e-09 0.195774822762567 0.401137028495276 0.631258937323912 0.93306185551992 0.39893908436409 0.649411166235111
0.159297181307682 0.127988209222745 0.0560071190866532 0.0124366895625144 0.0618197261944194 -0.0324705752517927 0.0022270368922152 -0.0312572036719322 -0.0252053031268137 -0.0133884748283358 0.040746938197834 0.0314403501770903 0.0617723501960252 0.0966882055390085 0.0412187440452138 0.0474754682810629 0.0356161339953171 0.0311921243999422 0.0350727140882828 0.026166403894906 0.000179043313919672 0.000100482880422976 0.367002589488454 0.897940000691587 0.137167006437464 0.495767610419594 0.950280325462376 0.318988524651982 0.474213055873517 0.610137521970282
0.40315968062074 0.04909315121361 0.122362294852947 0.373770835305093 -0.0222445696960326 -0.0210438323519024 -0.0165468466265985 -0.0281870174686701 0.0482428358927131 -0.0556371045266679 0.0532040763663156 0.0600756702711271 0.039785766528324 0.0532943351356192 0.0388980151268786 0.0473727267263599 0.0412562245617106 0.0589200983970945 0.0364007626813858 0.0630943071296124 2.99984306313099e-11 0.415978688000155 0.00278274987062897 4.1709175179339e-10 0.568836305829905 0.657951058762475 0.689315434973396 0.633529937333973 0.188418067059019 0.38022933528005
0.350884660888096 0.0761913824474261 0.239621614286419 0.271506479604907 0.0621214916199976 -0.144341137383946 -0.0188158943273701 -0.0367627227066537 -0.060175369548639 0.00750158025568771 0.238335226098546 0.0505613581790512 0.0751822488709864 0.0496246173667938 0.0605847545460423 0.0444398542318161 0.054705947022493 0.0529220144926356 0.0596288126373035 0.0461240412960318 0.144485870357751 0.135375271892674 0.00198232385175383 4.06549970848289e-07 0.307969820644947 0.0016399079055362 0.731698142115077 0.489078901995247 0.315630845708511 0.871171173877523
0.174410520708834 0.0870329824237465 0.172695476717799 0.35159368945418 0.0208083864539649 0.0374058925452986 -0.0219053739931505 -0.0131928690822608 0.0765367344615109 -0.22519638617631 0.167345536094744 0.0523953199235881 0.0365629028416579 0.0424402988469047 0.0356668584681444 0.0432940989059474 0.0276113234290296 0.0406353474392432 0.231543314478362 0.0420825093390065 0.300165450076981 0.10025568800572 8.72068226934368e-06 1.21388880398938e-12 0.561109897975765 0.389939450983787 0.429709322643718 0.746205264988562 0.741769830409261 6.85785384936336e-07
0.0339963662922836 0.202327992564624 0.156594963843708 0.275639207665085 0.0382860353089783 -0.0439579975545507 0.027493993368526 -0.0191788306430109 -0.0765368550456224 0.103207544483457 0.0593588445397573 0.0505849661503658 0.0386356763401023 0.0364050763874572 0.0504995196097579 0.0407645198430164 0.0553838256425961 0.0445541919107421 0.0455717162749774 0.0393634810701978 0.568258165549124 0.000129806591024991 0.000107130582645239 3.08799196334822e-11 0.450343979553909 0.283763896796359 0.620803915556925 0.667889598346729 0.0965267176132655 0.0102665689264604
0.0510908786175362 -0.0216287452096329 -0.134403837524974 0.258550453751225 0.0286977003943701 0.0267886063197467 -0.0117816243698306 0.210570328211473 -0.0456688017281082 -0.0150919043672946 0.0417470969344126 0.103926189096171 0.12255206792395 0.0284767221940825 0.0293767912793185 0.0294808106160518 0.0249480893273103 0.129266238431911 0.0611086140484494 0.0263170116369671 0.224362996083291 0.835630156525361 0.275830514459962 3.39192057295566e-14 0.331366835700966 0.366058822069964 0.637947669879868 0.106978067340996 0.456897968159884 0.567826014474603
-0.0012892609600843 0.0841560396408862 -0.219145727095006 -0.406780918802029 0.0479429372811518 0.0542042982925052 0.0007892981787298 0.0240101877655288 0.0198029816697825 0.0186151643340349 0.0451247882953042 0.0498978955437063 0.244063345677771 0.293513923581997 0.037624111404127 0.0431812402145343 0.0521538781499303 0.0364452227652231 0.0396120457227449 0.0389770829306211 0.977271425537983 0.0952292961665372 0.371686248390127 0.169279542459234 0.205925768383565 0.212702366586735 0.987959513832813 0.51174300757666 0.618376931428211 0.634124369120966
0.0561309966760507 0.168116267710595 0.185193255738052 0.191562352128 0.0312957855369808 0.0839450489674643 0.106356458927229 -0.0359479861283647 -0.0170008591562921 0.0987554190263739 0.0416053929771182 0.0811787132197541 0.0398994718947161 0.0531748261699785 0.0510131751420372 0.0489697942125153 0.22182736310126 0.0361370655497593 0.046721101414588 0.0704371995856614 0.180757056335112 0.0412935058582937 1.19987068816635e-05 0.000521266623576388 0.541138627483352 0.0900083313368988 0.632803682050264 0.322576736404482 0.716820657417685 0.164422386326874
0.0429746709193637 0.0629756756910383 0.163542955288686 0.169292356003092 0.0607806646039571 -0.0695636155009114 0.0517850993941712 0.047853106219363 -0.0322985602418442 0.0447088924041404 0.0366730398850053 0.0388421530014954 0.0375189462248268 0.0337186038255931 0.132727608968424 0.0423353171757237 0.0334659279632459 0.118035836645372 0.0375598614540161 0.0365282845550766 0.244427067854781 0.108526185445117 3.53181133515991e-05 2.66575478667861e-06 0.648127642946272 0.103918780218618 0.125356301693861 0.686158887848372 0.392168556579585 0.2242369679234
0.00143843331373738 0.00784850748604326 0.237650567536338 0.276589911986473 -0.00481835591139369 -0.0723998494418028 0.0781699045407803 0.0185419334205643 0.0554713516596613 -0.0589902539318904 0.044581873795138 0.0456299551873849 0.0349297879056432 0.0325385360720402 0.0268349585816649 0.0316634531253401 0.0375741244714573 0.0439383308656584 0.044779355606177 0.219365159888566 0.974332984070269 0.863825366240059 1.13952137436955e-09 4.05502386212018e-13 0.857909955458207 0.0245954322385872 0.0403617828753813 0.674043354464603 0.218687655625243 0.788618644064991
-0.00329179781417571 0.104604811182968 0.0971571129620198 0.273236509906288 0.0730245123148846 0.0495206781015434 -0.0364934334690424 -0.178984806254863 -0.0846628974679665 -0.186973294605895 0.0773337934735619 0.0597447867460348 0.0302486566187007 0.0421317863759696 0.0556149140734365 0.0362505929073927 0.0378510691963033 0.156917988363177 0.0404177795626336 0.0442818611184226 0.966142772415629 0.0834155018158374 0.00183565171167282 4.82887761900895e-09 0.19254548992905 0.175360417801962 0.337592067453958 0.257085500734813 0.0390402163819716 5.81960923848779e-05
0.0208277752628226 0.185893921410153 -0.0905500839901727 0.231382746326219 -0.0772618204867146 -0.0973859240781478 -0.0110700630160994 -0.0928469621663867 -0.177230252325967 0.0211847735283866 0.0612887531546642 0.234774878516562 0.389058019827403 0.0633968182764008 0.0559824115618234 0.0711261931401656 0.0449481639013956 0.0661885142023685 0.0455580748577561 0.0802139993045032 0.734794099483254 0.430608520219241 0.81650233476512 0.000444664120120928 0.171049278603425 0.174421471347557 0.806035111519991 0.164205044940194 0.000194178673780684 0.792317918300352
0.0652369604497399 -0.324521845047902 0.302187944303231 -0.0697196760257607 0.0238455846257776 0.0185535743988287 -0.0750134729889134 -0.176547149668012 -0.176491804926685 0.0468384509307384 0.03983615419555 0.177123948933561 0.103537772148966 0.161487540795511 0.0427860481800596 0.0401774256401368 0.042109489605933 0.195309368040128 0.0824980691603982 0.0576026313969229 0.105195495933044 0.0704277016031817 0.00449834075912236 0.667027833152513 0.578772489777963 0.6454109070867 0.0784205328507118 0.368584182475446 0.0352753059764979 0.418415093230123
-0.0780517181221777 0.325526388389378 0.235836308031039 0.279284366138933 0.0183255897759308 -0.00715977139372264 0.101563191136543 -0.0710651223750009 0.0249097726757821 -0.246493438396728 0.0641861008281726 0.365325368553154 0.0454351006315949 0.0479220503751108 0.047041730388137 0.041008278439948 0.093896277107658 0.0817654980154782 0.050383371726084 0.0375658149132842 0.227191960798145 0.375300206238256 1.31043338120847e-06 8.83821995386094e-08 0.697792349261589 0.861795757864668 0.282328841805464 0.387112038721008 0.622238608983062 3.42186312310312e-09
0.0243149808012847 0.136410865865779 0.208137402140615 0.199143273900501 -0.0237792477474874 0.0961294456534428 -0.0553550088648148 0.0559115424120896 0.0560721485086936 0.0239943019167594 0.101051689560458 0.0317006951068391 0.0332738208008008 0.0522323954538954 0.0543261437439409 0.0540050003069127 0.0326074434855476 0.0402732506765425 0.0590110104572626 0.0447347018479793 0.810403645787515 4.31166336911691e-05 1.35187338831977e-08 0.000252983050026427 0.662654924018882 0.0784872970146108 0.0930739697362507 0.168509500691365 0.344584835044831 0.59304178747977
0.0321770285690816 0.118695029160495 0.216262376000207 0.250294466796441 -0.0655845905329655 -0.106978860217019 0.0505785352940501 0.017281151857472 0.0282432963069564 0.00103312143457792 0.0304893968562222 0.0309927319355538 0.0399104507263891 0.0424630248760586 0.0678490649719087 0.0768489836752173 0.0413364372261593 0.0360321691113171 0.0393703504364613 0.0398546747218552 0.294121089364524 0.000238340751878498 5.07186815015591e-07 6.62043224560755e-08 0.336350984150378 0.167371271804412 0.224339432586965 0.632685895277446 0.47502152007831 0.979377416074747
0.015494391620612 0.0705686586096562 0.238864284789432 0.202018732906014 0.0165151787859642 0.00697566602442467 -0.0715163827824278 -0.072896663494852 0.145926888555884 -0.0414086705458611 0.032654350060641 0.031180797604883 0.0866994073901517 0.0502706819648159 0.0468414841777649 0.0400970811274337 0.0428270617406755 0.0359573564096739 0.0503401457943748 0.0317099309954672 0.636307713630296 0.0260548686949929 0.00711546717863361 0.000122207346007019 0.725239994062757 0.862284594483308 0.0984552693964245 0.0456223910661687 0.00471633070245153 0.1949660835497
0.0544908784322739 0.114806772350695 0.0388994222180829 0.295772622029034 0.0590857087114354 -0.0262409895572804 -0.0070284029248713 0.0379669380002209 -0.0496933916074548 -0.0455148521775197 0.235100226752904 0.0565432454362565 0.0543816694344607 0.0351602349808849 0.0424417680101189 0.0301981953233178 0.0367406848015192 0.0342373067867869 0.0369189980941466 0.0571834167399713 0.817243127451579 0.0452983274009299 0.476293589121477 6.16720776120367e-13 0.167343077025495 0.387206961486498 0.848728221514383 0.270445940490079 0.181717465288989 0.428181916231675
0.0689511688798195 0.112667054140586 0.180389176215158 -0.389122918491822 -0.0158918370604677 -0.0784071027049007 -0.0130128111124809 -0.000158563165855198 0.0500384825962992 -0.00401819995308568 0.0394841037564727 0.0402535881034363 0.0517806664344436 0.190323382784342 0.0289082272929177 0.0391074682464137 0.0482788893937674 0.0512801707236141 0.0467406550193679 0.0364474918331835 0.0842088462169674 0.00628592579009574 0.000769230692474857 0.0438550706809714 0.583878689234365 0.0480108734036169 0.78814256534647 0.997539789289139 0.287263871955843 0.912462289695115
0.0195528862683953 0.0692391760488151 0.323225030618744 0.291804459382398 0.0808843664278622 0.10179838528454 -0.0757981926512697 -0.08209310450684 -0.0245405870608607 -0.0855974336467762 0.0528840196297058 0.0483272552666197 0.0432677428003516 0.0500669182277189 0.0517095110119961 0.0466338572779401 0.0421207989474144 0.0722914444370754 0.0586613878148336 0.0437177763435877 0.712451151563476 0.155403766406762 4.96429256124327e-11 8.60655148412754e-08 0.121278580931251 0.0316436775006149 0.0752839610561127 0.259145199567703 0.676692840487006 0.053332753346987
0.158451454113012 0.121301949854812 0.234145275737181 0.140656782918565 -0.00954786219736406 -0.161655763816207 0.0339768832655466 -0.0210775507101093 -0.0894117469145451 -0.0200717002117997 0.0358484545931326 0.0614157241352878 0.0435661469723572 0.0501621109278275 0.0781240457313303 0.213421158189654 0.0408032998446971 0.0632569756220867 0.0415150460013285 0.0718295554176156 2.77661261044497e-05 0.0513562229098918 6.10542216398757e-07 0.00619519622956344 0.903004975220801 0.450781359854239 0.40724324064499 0.739763110665716 0.0339653001146491 0.780559278616353
0.0671352455219954 0.15456259322168 0.17571817782426 0.364837833153836 -0.0213392571313489 -0.0101799712806789 -0.0307636532871102 -0.0408585914042898 -0.0281579947544072 -0.0579780743197887 0.0356583856273755 0.0337527084530383 0.0513012808878181 0.0442557307196563 0.0357819172620838 0.0845646665537557 0.0402766463439889 0.0356716014376949 0.0440871161522583 0.0405826896679206 0.0629668362477967 1.49207434899254e-05 0.000927213554119343 1.27897423404496e-12 0.552425252393858 0.904449751187576 0.446979014928686 0.255076226073564 0.524646748087968 0.156569022653537
0.0228587856093744 0.180605721136424 0.20562669811243 0.284701753164626 -0.134528809806835 -0.0157442248114988 0.122680083503766 -0.0477430658355565 -0.00517209049660917 0.0167198802754567 0.0240579460898899 0.0335405203916473 0.0497840437900845 0.0412611163622237 0.166828588156401 0.0345504074855652 0.167258659812857 0.0471285307741799 0.0295126189706368 0.0444245446509434 0.344635590831109 5.96568226112505e-07 8.22396951914636e-05 7.64980139401299e-10 0.422192252806932 0.649736430242999 0.465218196393542 0.313818557535714 0.861285700977672 0.707550854384297
0.0221222195595516 0.0536586851343179 0.129854957230416 0.248342576250039 -0.0892399723232555 -0.0229859626351623 0.0789796971228086 0.0170575941463867 0.108914953687428 -0.000363227937115778 0.0304494610614503 0.031934328169772 0.0393253481563073 0.0414522842307481 0.0395222261594806 0.0393370351578113 0.0527795267877289 0.0465412768848092 0.0457267364839826 0.0403879400294143 0.469425014644287 0.0964092856377825 0.00138275701435128 4.34132167724377e-08 0.0263928619914051 0.56047396905642 0.138085331604509 0.714858411113023 0.0193550672019997 0.992844470440864
-0.00689479422702395 0.172881530670386 0.150732724372883 0.296695045825631 0.0433653368425677 0.0516148492358002 -0.140496590134122 0.071631025540151 -0.0227496506140485 0.0462892236816576 0.0544412875357749 0.0538260211149628 0.0488105349648268 0.0518693013816437 0.0663319081494716 0.0537209064717088 0.0548303588410198 0.088181177098057 0.044230834917628 0.0390407518961095 0.899502767706301 0.00182987997712472 0.00267844427363883 1.37531433921721e-07 0.51493154143929 0.339228805913561 0.0120569914002316 0.418753496954005 0.60827558743362 0.238875907770991
0.149038846693041 -0.0441132758203539 0.233903427927085 0.214634862628711 -0.0258704160719696 -0.0330651519163476 -0.0328298359176434 0.0421735013353581 0.174633124497949 -0.00288777681075095 0.0381434593799519 0.237301956137049 0.0334674175428804 0.0423139397702926 0.03702515483622 0.046299008611426 0.0386934946929027 0.043633158821052 0.112951015754799 0.116727357109156 0.00018410828844119 0.85295975199676 5.32465281095888e-10 2.19771575351213e-06 0.486587320040341 0.477036614651851 0.398510939087056 0.336449698281031 0.1257113622625 0.980319402473262
0.0625061131451245 -0.0483758797633415 0.16751473589669 0.229980184300946 0.0365179054915346 0.175522967674746 -0.0714426430319365 -0.0840251876920931 0.0101472381696778 0.00805618987308652 0.133040109044113 0.145080245822137 0.0726238262527747 0.0385487314194875 0.0343498523145957 0.137681570362931 0.043447335071301 0.154591542858671 0.0340822865877448 0.0481628863745816 0.639666296923683 0.73961210436749 0.0234808215190698 5.26503131593786e-08 0.290705092193198 0.205796900123316 0.103754670781488 0.588170928415379 0.766629105531486 0.867550565611735
0.0615452588911037 0.089817258356821 0.142718194577586 0.297673727894223 -0.00447477302922751 -0.0128889610965825 -0.0610221400575366 -0.0823560548172786 0.026363548926498 0.0146526153023362 0.0272452692826293 0.0382122488475211 0.0302277890769893 0.0241085562871947 0.0346749410284757 0.0308743753457309 0.027492551879252 0.0442401845480614 0.0253075065961407 0.035084907452844 0.02630285519832 0.0209340093942701 8.56262470804626e-06 4.51036313125887e-21 0.897606685819187 0.677332770246206 0.0289597476731036 0.0659280765074956 0.300327903792548 0.677210125665808
-0.0558595617645251 0.0698883590120986 0.142475167646474 0.280232268647463 -0.104975781998853 -0.119600681665634 0.116434791094974 0.0408224207274924 0.00716924375172301 0.0458314497015438 0.058939484897213 0.0386311843948076 0.0697354256714563 0.233100590871519 0.0982434054208022 0.178247646700134 0.0457943704019555 0.0553672394463507 0.0337061676864465 0.0385310255226609 0.345884738821968 0.0738867543706493 0.0440703310926725 0.232550109620579 0.288238495180182 0.504010525739475 0.0127738085885555 0.462922087296276 0.832059892100493 0.23749141259861
0.101270922706268 -0.00419289470156315 0.146934985446271 0.0982008869029028 -0.0209748609656922 0.0191675216413406 -0.0413818050236064 0.0185388455131626 0.0767230741800568 0.000779381175885698 0.0373845531776407 0.0506808122383346 0.039381054422826 0.108080899787627 0.0410347004937592 0.028028643938427 0.0483144547652786 0.0298451244516475 0.0349409726860461 0.0349439164025921 0.00809637561001689 0.934250901275268 0.000335228232789154 0.366022053973221 0.610512207132583 0.495843575802574 0.394016131207412 0.536076599606536 0.0307074653700228 0.982255568788825
-0.0318839950875169 -0.217855922923845 0.220868816850371 0.233837341666922 0.0746279099754488 0.154204983426348 0.0536738144798488 -0.0356828102785109 -0.110508378043787 -0.0404379106321431 0.0422282884072364 0.241699366379726 0.0456185957887884 0.0479265824074838 0.0409162377638115 0.0575284641053108 0.0452661808109255 0.0472860156190203 0.0507447654051779 0.0329050786988093 0.452219161058883 0.36983454682478 5.38958970070532e-06 4.64197758919443e-06 0.0715204974315014 0.00875905174979809 0.23888202256225 0.45247124295365 0.032071051686947 0.222338958987048
0.0723718332319181 0.136061842983581 0.110943725510596 0.344909652610633 -0.0853418152772254 -0.0081794092780326 0.0095786299491433 -0.0404193063171201 -0.0316488497339644 -0.061888225352952 0.0412982569126185 0.0381200427318123 0.0358371273668967 0.0387288672805069 0.0657054725375495 0.0398419351256996 0.0371612746860449 0.0512622500152535 0.0299622886664132 0.0338726306017371 0.0831075756204653 0.000576645390038491 0.00261678853363394 5.40754375056944e-14 0.19731194856619 0.837804112944255 0.7971818477151 0.432487452837655 0.293663159389765 0.0710012451222485
0.0469668129953194 0.0880067642521278 0.209086600828502 0.279625648067406 0.162628999491095 -0.0222035425452542 -0.0336645372278194 -0.159553070884207 0.0288323653961053 -0.00589260913628219 0.0487057896143265 0.0270210544768339 0.220326631241213 0.0398844373657968 0.101624161437376 0.0360214170364001 0.0458689983317388 0.187093171220748 0.0329052997705426 0.0332889870789862 0.337570149054674 0.00160628602811791 0.345257093032932 4.81802001996143e-10 0.113157662210636 0.539241191898962 0.46496602082988 0.39611188578064 0.38332200242295 0.859909021577823
0.0150998547685879 0.131603690732365 0.144624496832146 0.307192220777727 0.0211949893601251 -0.0990088508986458 -0.050592387722314 0.0229358816126675 0.038744696851896 -0.00987993601530249 0.0393339198382799 0.0362882593821629 0.0303386834410707 0.0415063542836919 0.0409708611024294 0.0359181050517351 0.0269627230765605 0.0361092945879614 0.0303961755454325 0.0304105410618739 0.701966238656797 0.000475712058433427 7.15243812050729e-06 6.86708417916422e-11 0.606202886630414 0.00707245587433621 0.0638433654586166 0.526923009386214 0.205711812107717 0.74602191134244
0.0291294122097109 0.0774756447518772 0.284127485322232 -0.0531599080834684 -0.151880610553643 0.287061642698173 -0.012898773812422 -0.107528450669969 -0.106656042097098 -0.0347341469439031 0.0388393589131519 0.0320457843933415 0.0516635123432855 0.161158339607517 0.0409906721672243 0.152339886456417 0.0405682185981833 0.0406911095012763 0.0394509133134163 0.125319832170236 0.455279807643877 0.0177077014268658 3.7627661400486e-07 0.742297652332944 0.000370486995157295 0.0628569748927598 0.751282755542321 0.00975692859815996 0.00825087574368466 0.782311665029028
0.0287410907253157 -0.0470427453590559 0.14069072911239 0.126078345307378 -0.0149411750952854 0.153300623900722 -0.0231822171965135 -0.0592624120612014 0.0421434283767388 0.0347959414179169 0.0448740009370493 0.0456216547385233 0.141811459632352 0.0815892014409675 0.0449326787264352 0.111043162624333 0.0309056745373364 0.0362566056014583 0.0310927875540721 0.0379568413259442 0.523522119182988 0.305296435151646 0.323870319585954 0.125866779093368 0.740284753626294 0.170914003528227 0.455197805662358 0.105720693678504 0.17875614045593 0.361792869263793
-0.0572205694216969 0.324645158805463 0.163470449049165 0.507126260233651 0.200286513058108 -0.0420830354225799 0.0195265350289199 -0.171296896853983 -0.0153706322505811 0.197345365072971 0.0429613913423304 0.0543779044708831 0.0413801236070453 0.0798358799249677 0.0493014149641601 0.0529864665128298 0.0519787157497781 0.0850309057667417 0.0436928335951283 0.190025448401013 0.186330222842703 4.8882408425311e-08 0.000156981964461361 9.07200310826696e-09 0.000105168532844558 0.429202614995284 0.708070700494918 0.0470074990370063 0.725837939831043 0.301872822541319
-0.00706172213863405 0.0620954469441186 0.32270200637703 0.3322042972083 -0.0263198286478665 0.000880091457644673 0.0969347955668982 0.0193644796152044 0.110386800973691 0.121676437523593 0.150523028092647 0.0521470796807366 0.0450694824379226 0.0433743939708166 0.0538472708888362 0.0563362342895007 0.0571232941165452 0.0563672995642271 0.0456298626754099 0.209197892440974 0.962686433596183 0.236908129478435 2.213010914902e-10 2.16345131425977e-11 0.626195039338458 0.987570825439416 0.0932027895642816 0.732001724428341 0.0175906707400772 0.56228408735008
0.0558855019632425 0.107591967360675 0.133288350230053 0.161931628834994 0.0153899038203839 -0.0192972377278144 -0.0269638177371426 -0.0190368207480823 0.0316398124540092 0.00579498751386981 0.0517296794682649 0.0332663491722532 0.028240422836676 0.188185633674338 0.0336983379972976 0.047371154771835 0.0330730696090813 0.0415501070573195 0.0384362507118185 0.0344194749980435 0.282910884429873 0.00171213061627785 8.72755844737336e-06 0.391831807121463 0.649002068322786 0.684719831635692 0.417088396994897 0.647950360375087 0.412607993631651 0.866679248751204
0.0232072652358773 -0.00823773635203665 0.149643584325171 0.257118484510697 0.052871100061772 0.0423228863361091 0.0546940709625955 0.00400669056495717 0.0489487611094347 0.0744327871614906 0.0535487895370788 0.0468282921087036 0.0495644137304501 0.0585411081924365 0.0603581086498459 0.054882454805866 0.0529024724943939 0.0473170415937002 0.0647669102843732 0.041040290376926 0.665771750968003 0.860756982028463 0.00329754553605684 3.05583735533357e-05 0.383385413652865 0.44263488199159 0.303968891994055 0.932705831765779 0.451761821061821 0.0730641752352719
0.134441381745761 0.195417610171153 0.139063982878437 -0.0592059273014738 -0.03965889161256 0.0400760406513671 0.0204996957016639 0.343264435138941 -0.10814137242105 0.0407000830187471 0.0501124217146614 0.0335134100211485 0.0369721775603523 0.188372830365207 0.0351802034450489 0.0297755259165228 0.0471814651147032 0.155872602777622 0.0338950841138125 0.0400610491271013 0.00872023300854026 8.94239853533517e-08 0.000303978780279794 0.754035729548676 0.262677115760373 0.181779464227227 0.664998945114362 0.0302647857158742 0.00196909616691682 0.312437621875126
0.126526781493554 0.0686178837780919 0.188017962996008 0.26189298544628 0.507332591327599 -0.0617424691652715 -0.0491408258014908 -0.0223967276522792 0.0117184143943332 0.00313061967143254 0.219837393974797 0.0351255794411238 0.0348792093880045 0.0433113389086 0.280398398929699 0.107293880376949 0.0305628862643345 0.0417699534478258 0.0405574978272151 0.225072124107338 0.566424275710124 0.0540110597648109 6.06318872608648e-07 3.70764168842529e-08 0.0738940554910332 0.566488361849412 0.11153130496016 0.593209866470713 0.77332769976641 0.988934474594231
0.048640088195633 0.128957574807876 0.115559028002494 0.242610783880273 0.0204615626184833 -0.0125432303973627 -0.053089473849686 0.0334758438168491 -0.138437911889619 0.0940024088379869 0.034692766643929 0.0303233757289143 0.0497268223692807 0.0387506439454378 0.0313082839104217 0.0284644934261358 0.0391813082859535 0.032761961695657 0.0485119330777403 0.128288792398058 0.164386272984169 5.20021483180504e-05 0.0224099319902859 1.3190189892773e-08 0.515086058009566 0.660525963729309 0.178856626169452 0.309649743782961 0.00537451054065253 0.465642115212665
0.198627274783898 0.135469466801597 0.157193129180237 0.36404944077436 0.0590754851542035 -0.120161928534816 -0.00181888476286331 -0.0321569512708713 0.0820822879085483 0.043825168874486 0.0650244101424632 0.0445202726858594 0.0381452325354287 0.0529180373480592 0.0377831727559866 0.0383412927126625 0.0462752398651992 0.0519545542129009 0.0541861526137093 0.0469444764336251 0.00296402946147006 0.00307116900765884 8.37555981375206e-05 7.73036694751157e-10 0.121435320261851 0.00232821640690576 0.968733651667883 0.537516886997348 0.133322161193767 0.353032259191626
0.0730903741183828 0.123336017610323 0.131872337681432 0.309754767442595 0.0736356335018529 -0.0252824874666762 -0.0410730564904154 -0.0380202140264054 0.0349608330696388 -0.0272550902115259 0.028921591111281 0.0332527731917693 0.0341785293684633 0.0252076414050764 0.039021157277761 0.0305697774747138 0.0258141123694219 0.0351434781272459 0.0366124523462645 0.0343783221423838 0.0132435995000326 0.000359508360670503 0.00021432733008814 5.92461972619478e-21 0.0623742747662576 0.410400711862881 0.115091726666602 0.28220634652708 0.342191560680873 0.429980063123502
0.0843313233341997 0.115656425487458 0.199894290722227 0.286252899416053 -0.0402104957680721 0.0429117069457472 0.0987583191370152 0.0334508381959141 0.0330034875389236 -0.021071188816923 0.0438524653617125 0.06825428110205 0.0297513645199183 0.0445212210822299 0.041350804731812 0.0264973366877664 0.0535635226071879 0.0299575467356268 0.0905738117102754 0.0499568044705048 0.0576686606503301 0.0936682068996672 1.67759800974148e-09 6.20305362329816e-09 0.333475392779033 0.108883957083666 0.068545696876714 0.267167452965135 0.716436918351338 0.674196710479701
0.0322025399866819 0.0943677013469989 0.141133484475351 0.286143482453184 -0.118407277771911 0.0893435192946532 -0.0138774654155327 0.0255753488770434 0.0280085342200939 0.0100389785963825 0.0555152698050594 0.0379562695039878 0.0415762457953428 0.0543303379190723 0.0631645797979647 0.0524088564530865 0.0433730151654736 0.0332872503697432 0.0350352251088045 0.0452670899418912 0.563319307408204 0.0147562629225559 0.00102412042179024 9.39577625346236e-07 0.0640935409230527 0.0916926047087635 0.749743120465894 0.444306877925468 0.426140648473877 0.824993719969437
0.0315977246476974 0.0728258541162334 0.192256933244633 0.290369035794504 -0.00295725057578426 -0.0238948281374188 0.0724818752524222 -0.00045508170595487 -0.00288570852555571 -0.0224084837112349 0.0321988908780019 0.0444917110842714 0.0338665585874061 0.0371086894151092 0.0302488723497298 0.0394768671137743 0.0458124241056157 0.0549467725559461 0.0355123585103269 0.0456127819923729 0.329090368530639 0.105195120570395 1.69454114211341e-07 9.92415884315948e-12 0.922339536528471 0.546528775357412 0.117163969048808 0.993410350317396 0.935418219457675 0.624440295319054
-0.00581604780809173 -0.0918603898634823 0.215145635249341 0.389603817053652 -0.00163850581201645 0.038728568019437 0.157929713661988 0.137875609063009 -0.00721202874087261 -0.0255223051110391 0.045819697351447 0.0506718928578786 0.0355035241110398 0.0536932339978297 0.0431328240814584 0.0495774411049816 0.0355554327546775 0.0493550948170936 0.0385566318654979 0.054992950795343 0.899276312174297 0.0731892809005949 3.12107521721285e-08 1.35160246233798e-10 0.969781826951014 0.436750673881002 2.53036457193583e-05 0.00636926950595439 0.852042235566446 0.643695737638132
0.0508079628824539 0.0148657628947657 0.191476304149994 0.29509712548075 0.0288453790679748 -0.0464806938611239 0.109942188165874 0.00089366312564082 -0.029423735598486 0.00127995136231151 0.0350588737821723 0.0727828044068246 0.031445289351052 0.030930524911383 0.0234431792441376 0.039922599758441 0.102158501059564 0.0351862515641663 0.0314211806238787 0.0330076553096448 0.150830941748737 0.838631112380574 2.9036493437006e-08 3.16190035328201e-15 0.221812062535286 0.247461276839558 0.284782905777134 0.979794950796734 0.351614653235749 0.969155692597828
0.10095806967968 0.0635196688206954 0.239550231844283 0.214174947826958 0.0128873586424605 0.121254654824731 0.0740801069456397 0.0390374547872522 -0.0599721915179984 -0.23785873123458 0.238370291601938 0.069381690784617 0.0827602827501976 0.0501015893012024 0.228641669240422 0.0732186124459168 0.0476704543860249 0.0611832639374368 0.155324626842266 0.178603475018079 0.672950497510397 0.362454302292868 0.00479961762331703 4.88104027920865e-05 0.955180387315024 0.10131170773324 0.123813702394953 0.525122608659119 0.700358776011956 0.186414454870796
-0.00445197633858955 0.0557045578932227 -0.0299514901688062 0.122458514336479 -0.0208062408293067 -0.0106402449675343 0.071096331497446 0.0539256302290423 -0.0593831369920447 -0.0121916365324811 0.0331862839402745 0.0369074777102308 0.136513595003777 0.141727061984249 0.0304205297012689 0.0462331259883756 0.0494453511224567 0.0269264950321888 0.0267212759936347 0.0307613979289356 0.893589431366316 0.134803659692615 0.826844255097251 0.389912403513654 0.495801402233105 0.818514550265984 0.154015644913821 0.0482876874291347 0.0288258363700781 0.692821671616315
0.0579483412559945 0.160032044227234 0.125754174166563 0.21341383940388 0.00623103247152919 -0.0776575635456348 0.00131810828678399 -0.0219675488389365 0.01701061235723 -0.0489615559836228 0.0951941176812148 0.0326237732724553 0.0581571160859064 0.0524798355057085 0.229625612493236 0.0400741549785089 0.032365487013298 0.0519647451255854 0.0344059483488011 0.0658846707300852 0.54426587553593 4.23930895537767e-06 0.0333068029641063 0.000103626043356828 0.978413010384557 0.0558484188794787 0.967606801035924 0.673516564552534 0.622249322243313 0.459376088009753
0.0668379686611179 0.0790417589563967 0.19112186575563 -0.413298606763735 0.0026777765685728 -0.0369463704768058 0.0188994937069304 -0.0531547490531631 0.000827409179077121 0.0348627506805724 0.026961157567686 0.0404951010897439 0.0311474699993751 0.19737932733719 0.0287205250370927 0.053274972777916 0.0283324282375157 0.0398455188140471 0.0283865700560787 0.0354904257290788 0.015058011484637 0.0540959063877727 2.29397325636605e-08 0.0391099709054692 0.92592592609303 0.48979973979703 0.506458168734607 0.185600659052964 0.976811887965139 0.328607908281602
0.0538442839121683 -0.373390906653951 0.151429654627105 0.0966454076261034 0.0135495943142627 0.0341123503494935 0.0256581860320252 0.0319225241069616 0.0087161408122347 -0.0182119818300239 0.0385314794742812 0.175430613818993 0.14969683737016 0.057604247459725 0.0466985927797642 0.0622526993408915 0.0534712087020967 0.0557329623959894 0.0392904473223462 0.0435841339846736 0.165843807042721 0.0361293713132343 0.314546178233017 0.0969854940756971 0.772391974670586 0.585118614713563 0.632537897627591 0.568273497302957 0.824959369789603 0.677080421494551
0.110828272146126 0.0469650288463145 0.328913524231716 0.266224807369839 -0.0633633582946538 -0.0386061037931389 0.00217998558631987 -2.79960425594277e-05 -0.0610884022560979 -0.0638576006387804 0.0615954682015802 0.0299443910913086 0.0353537427485725 0.0374130334278552 0.0392961329131585 0.0344806337051172 0.0315022501073001 0.0421827277109924 0.050282585327623 0.0403925003593175 0.0753615549718873 0.120334621793236 8.83615402608892e-15 2.71565301906437e-10 0.110402959297916 0.265877182697741 0.944984912617186 0.999471941409638 0.227616899320389 0.117442241609363
0.160779863120421 0.062605389921965 0.409866454796136 0.256279620197962 -0.205886189775308 0.0211962556566658 0.00439447715858572 -0.00879943231346379 -0.0199025113779435 -0.276925511979111 0.0685869431155076 0.0372987293589267 0.171459661875656 0.0342187048958084 0.157854532530012 0.0439897267938979 0.0516410075768055 0.0332111536896586 0.0427999145237867 0.214747030916331 0.0213472903063027 0.0968409602766616 0.0189850016917885 5.33134485314014e-11 0.195578890521663 0.631125565124681 0.932380070317763 0.791671536772966 0.643084036631027 0.200627105365307
0.0650672519022628 0.0991772826266815 0.116602515587737 0.137496160376554 0.000862441208939576 -0.118677265246475 -0.000274278818633924 -0.0465211793582729 0.0159010137677658 -0.0206011290060869 0.0285055577541915 0.036158919098068 0.0543182710887156 0.0759167046956188 0.0493777145485895 0.046472682212318 0.0346143181654801 0.0589092924612282 0.0725686679262319 0.0428272290933681 0.0248090198517457 0.0073501110528419 0.0345104198019145 0.073454526107277 0.986103356984292 0.0123406174777268 0.993695282864443 0.431773612335705 0.827055228717135 0.631663449433601
0.018621310536887 0.0337890450927144 0.24085448960343 0.28357910854806 -0.0220244518243904 -0.0190714297418989 0.0173727181220452 0.0814857536997935 0.00533251513213255 -0.0346717842641864 0.064633033548648 0.0266580362320707 0.0338508317975612 0.0284900664950478 0.0396583919209732 0.0553857990799276 0.0372241180775449 0.0379912917200039 0.0339375809909035 0.0369485337727445 0.773926316861961 0.208246448871347 2.60277039758813e-10 3.56612394855797e-16 0.580030265559582 0.731395465889676 0.641838057460155 0.0346583824280847 0.875496609746845 0.350560406948547
-0.0272735748776863 0.0356440773603828 0.223659189541381 0.262470261113744 -0.136820213893267 -0.0227390920260914 -0.0995374927644655 0.0992292680216572 0.0276823584194302 -0.0410479936373284 0.0641174102972009 0.0756423658863483 0.0494587526925117 0.0499836164217757 0.170480318406164 0.0572996010577157 0.0473359703437701 0.0446583813845661 0.0438115399303497 0.0421641234900896 0.671594295050967 0.638637782295389 1.88071939699115e-05 1.02057766459768e-06 0.424368628170343 0.692431364055452 0.0383077309629002 0.0288214653971549 0.529104050325737 0.332929066606127
0.050428910437767 -0.571098863867274 0.160623390706965 0.174808589085909 0.0013394002173956 0.0779218821354089 -0.0477900309202337 -0.00551215199073052 -0.0103529497837115 -0.0372259436214438 0.0511458814659813 0.150556499944842 0.0795244275442763 0.0531584285949305 0.0419265624092331 0.0616255287528498 0.0507278174708477 0.0322189412930576 0.0350750065191391 0.0453571582790828 0.32681494879157 0.000270587470285463 0.0464116843804997 0.00144373541397707 0.974586377626843 0.209372842391434 0.348698177534403 0.864545921112657 0.768554538190721 0.413993435719719
0.20064052634993 0.124943426072163 0.178205826126741 0.190183627824066 0.120389918880942 -0.080169804994262 0.0485749832232751 -0.0364541904064869 0.0226825704366159 -0.0729350172699333 0.0598781653519028 0.0492364632424759 0.0356402048196891 0.0688498300754873 0.0449504975388331 0.0803738692350262 0.0490870646628054 0.0533698605075132 0.078904918708035 0.055292102279371 0.00117909064585133 0.0128814868838056 2.80964211351108e-06 0.00695821779655158 0.00879662364150715 0.321215043197613 0.325038389055567 0.496330920981314 0.774415533767213 0.190486806368216
0.245853536559502 -0.170583863286764 0.519194700401127 1.01922024902979 0.107656703506581 0.0190434843905432 0.00797142498281551 0.160408345474213 -0.0136940339218285 0.184789598736091 0.0482411346631606 0.318969190236745 0.0920545699508632 0.486443473197552 0.0590768112236297 0.103487263908702 0.0498335655936864 0.0555774035539379 0.139800381500957 0.331265111717513 1.99448393998207e-06 0.59415424046253 2.07738846424396e-07 0.0390554401401713 0.0718425616319356 0.854427833381063 0.873282633721347 0.00491636746981712 0.922193990340676 0.578393126276407
0.073380992480521 0.0791996768454944 0.211490460787482 0.247572412776729 -0.00790964063679884 0.0107834549366577 -0.0460879091451734 -0.0573952602310668 0.00993379187213503 -0.0553691730877243 0.0337113789417047 0.0418660637699808 0.0578112024891062 0.0406595046252752 0.0390193006801149 0.0411862986194583 0.040172689482379 0.0307190628349184 0.0393612878669065 0.0293385753773671 0.0321173585742677 0.0617413022383652 0.000427368971293719 2.74485746218746e-08 0.839818504560887 0.794057414922279 0.254321117992018 0.0649606901510661 0.801326957213437 0.0623499471870987
0.000582020196136048 -0.0642457656479299 0.291840623292736 0.11484803765354 0.00378110896501333 -0.0558036389119765 0.0576232785527679 -0.00530719075960212 -0.109293077527049 0.0130652576177694 0.0727378765701837 0.04442253546825 0.0331561794823477 0.0545265432149618 0.0297702457056669 0.0331210230636804 0.0453807847296375 0.045296050880142 0.0783789408861216 0.0516706246655829 0.993633416149296 0.151582802402875 8.88845076405331e-14 0.0379640243847901 0.899216084741088 0.0954841662903655 0.207438970166227 0.906988995170649 0.166623794601145 0.800955678257354
0.0255693361213986 0.104519808263896 0.213323347979959 0.143291392029611 -0.0122739537525636 -0.100962588887792 -0.0522480660357443 -0.0485275916388175 -0.00602097534861446 -0.134022633276791 0.0463670056186737 0.0394483723442145 0.0577314158073332 0.0596996178722169 0.0392676373214051 0.140936768427191 0.0549494621379329 0.0339782313040331 0.0381048840751312 0.0381252379661912 0.582703427526523 0.0095374639516895 0.000379148367236995 0.018469064253482 0.755337260332382 0.475639731143131 0.344261376533645 0.156735195326229 0.874806411705637 0.000693177949086267
0.129527439612188 -0.0889784945012957 0.075833395331058 0.22775499800362 -0.0448624512058649 0.0231997413029655 0.113745497696154 -0.0396655205761861 0.0436891993106827 -0.101864722798838 0.0763610634639391 0.0659374417006668 0.082575330317485 0.0629657367265758 0.0545186542926382 0.050229278395214 0.0860803531297784 0.0995200109897526 0.0899470933983684 0.108174713879094 0.0932950591962228 0.18058113997339 0.360888130947895 0.000491181668887137 0.412749778183598 0.645284153730976 0.18972162382941 0.691155348050855 0.628345370075045 0.348883153180077
0.0369172940502085 0.134310110494985 0.017442978037709 0.274030409796802 -0.0248968660097798 -0.0208433271733981 0.0642908941459868 0.0055944709172862 0.0484668172520526 -0.0231070468820803 0.0524566689318971 0.0327589162675267 0.0367139208376357 0.0491205586386899 0.0730622117599326 0.0435372085214001 0.0291010452200105 0.0438396359282659 0.0333569165872437 0.063513945750587 0.483394472462611 9.04003428364592e-05 0.635862906250382 2.522267968599e-07 0.734076515365303 0.633279376015318 0.0296971448943146 0.898740604218514 0.149708119530943 0.716852695547793
-0.0901014018514093 -0.179146694880983 0.214569402964821 0.365917707663728 -0.132007505630299 -0.0744227287585993 -0.00195190429982585 -0.037443922480655 -0.00954413497798035 0.0488424228961928 0.0515612588870466 0.199647545381846 0.059928606010506 0.0481660659918389 0.0561588399577714 0.0509003281233078 0.0407140758159315 0.0466136508134811 0.0587195488582375 0.0449726708572522 0.0840061864197023 0.371971894996286 0.000558372462236867 2.89304059933187e-11 0.0209523138299041 0.147228678861336 0.961870080177083 0.423951697045677 0.871250985036502 0.280391145077738
0.000214901647285826 0.0940202014526231 0.192611264210172 0.268113246981037 0.00881093158307314 -0.0752281074905654 0.14712301581271 0.0528427584419223 0.0284323315798064 0.0201432727582027 0.163569070254505 0.0355453141155298 0.0286926183644824 0.0301647061766057 0.0437363069731575 0.0316842414400268 0.0572422125173287 0.0387552175194641 0.0402718299435261 0.0325905233695864 0.998954657537991 0.00965445332561588 1.72330042824221e-09 6.3973035165901e-14 0.840801931885653 0.0197311015553368 0.0118264590577002 0.176163925056508 0.482025693156522 0.538106683570467
-0.0479683157404013 0.120681098397668 0.139435108994937 0.314215660399085 -0.152289236274136 -0.0627399883892184 -0.0547223214335833 0.00657421313835874 0.0144385637612459 0.022479757045643 0.0394970293272179 0.0614062852137819 0.0657157071372602 0.0448057345064494 0.0502496574729729 0.078339447403101 0.0550389110246363 0.0530622296499073 0.0411714370555041 0.0516288155348299 0.227741788818608 0.0524642136467849 0.0366030733470435 4.18030974614855e-10 0.00318603276989602 0.425314067481907 0.322767839932623 0.901673681096781 0.726637671273245 0.664306525367322
0.121593099508101 0.162941205334438 0.256693912376491 0.175179507277024 -0.0462617603349945 0.372935372681724 -0.105120881562975 0.0355097012216077 -0.0279437082632882 -0.0593983068020841 0.184991462626602 0.0731377409103646 0.0647846120536099 0.176608016619867 0.0378455510161554 0.109556731720001 0.0473929941888871 0.334735722184422 0.0617056862091226 0.0852373072977087 0.512749568498372 0.0284992977888312 0.00015277577959155 0.324023420566557 0.224902420457812 0.00101050731307726 0.029185431192698 0.915763718259066 0.651793813972993 0.487771019381961
-0.0318754070856902 0.0743731514067199 0.169788972142226 0.139898922225648 0.0201851503125758 -0.0419731772174482 0.111510900826078 -0.296103633958266 0.107658307797117 0.0139743140677982 0.0384666088998612 0.0511803431393999 0.0591667445230288 0.157158929042639 0.0637860249799946 0.0444253816643654 0.0724816820051877 0.0581143883607274 0.0521210242801398 0.0488285501129957 0.409518501698664 0.149696688938575 0.00513235334623742 0.375772009133383 0.752401247823197 0.34731803994292 0.127481597190311 1.93836286906377e-06 0.0417795527352917 0.77539659282508
0.0442782068505364 0.0822426749296369 0.100410989946231 0.295461116816549 0.142146959923642 0.0184422419163314 -0.081179743206897 -0.135901308116301 0.458522844747466 0.142447810749107 0.0418371540306017 0.0624712673806432 0.0839308015435894 0.0466299946419402 0.0541415644529444 0.052167588417096 0.0602332462921812 0.0428731250204862 0.221558757771601 0.0520551416400099 0.29279399101527 0.191428835053777 0.234771645875954 9.73439690270025e-09 0.0102032025752015 0.724544792048057 0.181196242280589 0.00209873252057224 0.0414285543360174 0.00751202236841282
0.0375539538088809 -0.166063689412225 0.180849434185497 0.312821838848962 0.04120260086758 0.0851898867104851 0.0508670097050842 0.00967234979150103 0.0257707242562326 -0.0548852467275572 0.121078236368099 0.101843933650289 0.0355074631644922 0.0329411742351371 0.0744501851185511 0.108403790105622 0.0265881253020406 0.0350359961691493 0.0329396554793036 0.0362169962799839 0.757178997639074 0.106596260057748 2.01949046825787e-06 4.32429158577095e-15 0.581391833975606 0.434086339815317 0.0590182326134404 0.783149850571474 0.43612630064696 0.133282077262231
0.0841526000333306 0.0859424336897689 0.120150504462843 0.356939279662378 -0.0247359701424535 -0.11788168364655 -0.0948860849204299 0.0245461235163537 -0.00705980804692866 -0.00998255643155703 0.0517983382726557 0.0676454454287697 0.0597321910884341 0.0480804731443225 0.0559322303345041 0.0540127415924179 0.0495411988600729 0.0848578789482275 0.0662922664027419 0.0419355701340137 0.107740819321765 0.207186876487863 0.0472652420538268 6.17470097186213e-11 0.6593700204908 0.0316778915636475 0.0586300794250327 0.773046498462888 0.91542648560542 0.812387243151988
0.155618194455273 0.203451233000889 0.196402791203429 0.287524178081606 -0.0301870755773006 -0.0247346798978206 -0.0113334409503837 -0.392238402568154 0.0367969654063392 -0.0685962732121271 0.0408129524987316 0.0392701781628632 0.0276767381554329 0.0418840309563459 0.0389125592672437 0.0400157193060938 0.0277798332601811 0.163313160780896 0.0312150055075956 0.116380719055175 0.000254291675200665 1.38839418200652e-06 3.11146297469093e-10 8.98404405392552e-10 0.439966516061715 0.538090063843011 0.684283905734221 0.018419968676679 0.241646228395277 0.557094672761838
-0.0987096541155475 -0.000867117519680147 0.154936632663109 0.293515903538439 -0.00910599815826518 -0.107494732743352 -0.0603171993168593 0.0541294310770607 0.0670540312462114 -0.0182324566526057 0.0437792985685847 0.108381550223118 0.0451448075749958 0.0471026753148088 0.0477846029964134 0.0343169129032723 0.0391978758727799 0.0486564421045618 0.0330273509996773 0.0282670454733248 0.026633252217341 0.99363462178426 0.000914916066873287 1.55082595036371e-08 0.849306574289311 0.00235458206875742 0.127444349926283 0.268960678445775 0.0453497193607431 0.52060037276594
0.101695799018762 -0.00415769912331814 0.187976885438952 0.236065020596251 0.0266356899837473 -0.0242092628085416 -0.01256002375485 -0.161744478183263 0.0183509699218452 -0.00207018241658027 0.0742132903618015 0.138301744900012 0.0662874221105051 0.0415935680577263 0.0433016498605557 0.0349702248694044 0.0524520363383179 0.172526981032288 0.049169996509936 0.0246410649921159 0.174113316156223 0.976086048115188 0.00568449984953453 1.78653653863757e-07 0.540081448214182 0.490603777946672 0.811314230409343 0.35109544654041 0.709896411263444 0.933238705491402
-0.021639884363428 -0.00775955593512827 0.164890885563686 0.256173407066285 -0.0784490546949326 0.00959792528123593 0.0162003458081863 -0.0292591331068446 -0.0275384820975939 0.223599680395812 0.0371718078367849 0.0534449707350985 0.0320790380303943 0.034281096941237 0.0389426315972766 0.0430263405148889 0.0421830339915416 0.0605095839788288 0.0419638110697116 0.0769863259031802 0.561931769564317 0.884890927165064 1.61260307946081e-06 5.17339494579472e-11 0.0469781116429305 0.823991495441871 0.70185825602463 0.629896062582478 0.513360514958215 0.00464017917285544
0.0496422625638077 0.217087838013571 0.0812031136738554 0.215803201484802 0.207439923484156 -0.023623759547887 0.0359611089634213 -0.0624819979610447 -0.0061458887190176 -0.0138711607006169 0.025632667065869 0.0728780685208068 0.0745065920580038 0.0622690538702281 0.116415343577211 0.0335206291153091 0.0281445767871127 0.0358517177939353 0.0252073961791597 0.0314167989297006 0.0559570064237901 0.00372921346107311 0.27870891711887 0.000816150783464486 0.078177085050424 0.482804252162148 0.204668180853073 0.0848243145530373 0.807936857543299 0.659907080680855
0.0805961051544413 0.0124630452284923 0.147814461193206 0.415384109113785 0.0349942275001904 -0.00503716581070179 0.0561198938366148 -0.139939376955758 -0.00876103956470187 0.0108971967957817 0.0352369573791848 0.0256094582337645 0.0497922464067059 0.144461802871559 0.0260850729419552 0.0911949526958574 0.0346534981128767 0.0242083275742019 0.0314403635498124 0.0456111967509976 0.0245790589296193 0.627710664401446 0.00385334758693219 0.00506026819786919 0.183196247763816 0.95607634747158 0.108927164945314 1.11139193933093e-07 0.781162748367391 0.811727055168521
0.0599878388975445 0.0562529738527387 0.191573166028344 0.272828937135016 -0.0376258228190934 0.0184908921436398 0.0210249508649192 -0.00199276193967335 -0.0503241750525633 0.0287812534511847 0.0408480067854402 0.0419310199507132 0.0485013741325568 0.0467365295814679 0.0308412225170989 0.0406418703913359 0.0357580784869692 0.0260174670869705 0.0515727057705652 0.0413443709940313 0.14547723322295 0.183151880656902 0.00015621180750036 8.47403468502056e-08 0.225693549790168 0.650237647354177 0.558036328256856 0.93911906146224 0.331812955004221 0.488158439794104
