0.173090399461006 0.112077846813712 0.0840763153122722 0.265838820018051 -0.0241408634568953 -0.0075031343047204 -0.0519823713334681 0.0487544268945896 0.0806911965846681 -0.0677509972726969 0.0628223541044251 0.0563534140727715 0.0523272188214041 0.037441125826979 0.0713420039002827 0.0913840898847412 0.0473585144685587 0.0468456873015013 0.0450705944727244 0.0654319820416284 0.00711246136898918 0.049790506731692 0.111653371580857 2.91919850473699e-10 0.735872158404657 0.93474720950634 0.275324628765883 0.300812807677728 0.0768014721976439 0.303267969250791
0.0794438111860581 0.19229670507135 0.148239918694185 0.289355286104675 -0.0253823861569912 0.00547414355798316 0.0844356843853953 -0.0308499358359092 0.320410969507996 -0.000653187343471972 0.05694688098746 0.0653752592675877 0.0429966222915054 0.0451552596418484 0.04294130369162 0.0598124285768057 0.0430357757054077 0.0655431231760746 0.192958094395738 0.0485420690041327 0.16647213466986 0.00416377946064667 0.000865442724568363 6.83364210408043e-09 0.555955078135461 0.927283634665789 0.0528884653966623 0.63901972353963 0.100328998739321 0.989294021092685
0.127983865759175 0.161395289532905 -0.0296592693901957 0.275610581567721 0.031179740904358 -0.0410482583439788 -0.0265799880432159 -0.00299396331113306 -0.0206286492288278 -0.275592194684857 0.0410189000895105 0.0592161249262709 0.189436363310284 0.0688389101520133 0.0483867505756363 0.0386255652412809 0.0482998685321513 0.0407276033710431 0.0868141790302217 0.159014991053189 0.00244474404636671 0.00774530151540045 0.875945635838695 0.000129876779438073 0.521001373376683 0.29081547128427 0.58349973719872 0.941565616251288 0.81272940796155 0.0865769801314654
-0.0190736309481938 0.0979371336553196 0.203030305540052 0.280599461952108 0.0166441385784908 0.0223300057544927 -0.0922271053492107 -0.0704637744308851 0.029543922307297 -0.0528366446911644 0.0579115268140142 0.0358200692015365 0.141359810814815 0.0618072769314558 0.0618919566243233 0.0341570919762497 0.0993608721307652 0.0413795827329236 0.0836246416355016 0.0627134385100339 0.742667657658377 0.0075612828495236 0.154472165601349 1.77643966734666e-05 0.7886188198206 0.514981209731231 0.355841014393862 0.0921233846783463 0.724714421196865 0.401787044619905
0.0797988440176418 0.0636605964397491 0.199158121086138 0.326436952779852 -0.14618422568703 -0.0289042692648824 0.0512332278031592 0.148051157139451 -0.159188429585966 0.221267123917479 0.0355393438419784 0.0380924710626326 0.0631217025145364 0.0637125507392388 0.0646576208050733 0.0441294120327365 0.0402315939910122 0.0697147816056356 0.101435801792423 0.0724485333719198 0.0272216667623221 0.0981926484321035 0.00218873606471455 1.7258025478474e-06 0.0262035260824293 0.514164307557912 0.206171680763162 0.0364724309422907 0.120114722189351 0.00297734880801181
-0.0373291647149532 0.0818516393159287 0.154092793240397 0.286670075759477 0.202509153933093 0.0514959631403182 0.0448240833053069 0.0454723842433518 0.0296040311581349 -0.249670293095286 0.165160040435411 0.0411507536740352 0.0540601168926112 0.0523345870162475 0.138288567020171 0.093485051413553 0.0439059885780809 0.0379803588963818 0.0514033942569679 0.146442171585483 0.821723610315532 0.0498723853709062 0.00546460631299454 4.21612471064908e-07 0.146731953641288 0.583166723651665 0.310160198702175 0.23449476464201 0.566176112978536 0.0918218336486358
-0.0302709940301917 0.0755138705936622 0.150407476687352 0.495166817517264 0.0136296655919934 0.0443232767634691 -0.134660205817623 0.0992495110328306 0.0312116021134392 0.0420129256416743 0.0569563377832052 0.0631776560595683 0.0494915284251775 0.0480750420594461 0.0387551781682164 0.0451384574494386 0.094093604751169 0.054946886565179 0.0381799111026982 0.0400475651320769 0.59642720038263 0.235195759121038 0.00312451405701555 8.73115443293791e-17 0.725914246330796 0.328821173369338 0.155934657904216 0.0742930057345115 0.415857713709082 0.297015938648331
0.0772848279663765 0.152834862629078 0.408275977939548 0.216949743747003 0.0302762418305511 -0.0453484614377452 0.060600277055648 -0.0655549859844294 0.029530073428484 0.0044212251711649 0.0430535991711657 0.0494326417627657 0.0904919391856275 0.0556057846165776 0.0531942992716447 0.0571568353381941 0.0706513454391084 0.0579368593432463 0.175885264065591 0.033885143468245 0.076073421008489 0.00266497199139153 1.97900748292966e-05 0.000186573936848445 0.570695236028586 0.429676582404576 0.393367736184135 0.260922881851564 0.867051955020249 0.896487011167119
-0.0232553993674226 0.106000672634616 0.154500593090407 0.368906172138351 0.00124965839509854 -0.158442755619473 -0.0139043865964105 -0.0181814700073725 -0.130781583245922 0.145179816424185 0.125641653607499 0.0357978357842022 0.0730367340616929 0.0879291804544702 0.0366731634112505 0.0708340319242888 0.0479014576749741 0.0506348017100058 0.101071047688132 0.158308462491778 0.853581965559423 0.0039399626643081 0.0372235079207857 6.48125964071477e-05 0.972894074527535 0.0278255706785487 0.772292121310874 0.720402367376068 0.199066019968687 0.361612885713856
0.149700027436533 0.121285387498993 -0.017295439194899 0.280551733538095 -0.0899798749346263 0.33646641688266 -0.02536339482046 -0.0436965852502105 0.380205192004721 0.0201161625561643 0.170716105252806 0.0447085110289567 0.0878584511678018 0.0465808619046835 0.0548629483735497 0.0781294563220567 0.0536343515140602 0.0584431158808822 0.180035896194545 0.0444956701291698 0.382931499930717 0.00802471283647995 0.844394381963563 3.88274010859088e-08 0.104557585731872 4.29711568199589e-05 0.637459223979264 0.456648237639112 0.0375355330456763 0.652314704398601
0.058745593891731 0.115352266062663 0.19558265041263 -0.152315523653699 -0.0644699048036446 0.0262817085873594 0.0540979799098622 -0.0655588941395098 -0.310708250728338 -0.034393617115546 0.0411774738484974 0.0459598111579574 0.045901663247797 0.136422980948492 0.0575835828023022 0.0478490225135632 0.0526172577501306 0.0607594074842224 0.0776096600398489 0.0564856939574408 0.157181263093471 0.0138865588991085 5.04506809206485e-05 0.2672157203562 0.265901656238113 0.5842003445495 0.306669491744151 0.283507014089089 0.000129024673680764 0.54414792576631
0.00321598668121796 0.119967920511847 0.0314011852722969 0.289763718907916 0.000944177265957277 -0.137808721273536 0.0616415670432025 -0.0473907973094269 -0.0229687830184811 -0.00775092232230345 0.0519833902543213 0.0399884386655474 0.0529790051179159 0.0386668516121886 0.093749952370694 0.0425943712645897 0.0514265743462723 0.0486274953224749 0.0437711680772523 0.0375506291012752 0.950806998873986 0.00349123649764672 0.554861620223747 4.44598687659948e-11 0.991986748510273 0.00170017359900917 0.233817492056235 0.332386814495593 0.601049371883287 0.836934885421853
0.121716687941836 0.00719690720871961 0.110604456675401 -0.30160501926177 -0.0454866248133854 -0.0467109221565967 -0.0465092838060969 -0.169084611588359 -0.0555896623910809 -0.194016172523958 0.0571804804529292 0.0989126443786525 0.0576473428685752 0.153019703245098 0.186955831531001 0.0362157091915125 0.0640876331576064 0.0710325518565321 0.0580243176031681 0.0783163289743022 0.0360785987166209 0.942162037937967 0.0582717592224882 0.0518639498579117 0.808338134863802 0.200500432113122 0.469939840641432 0.0194530845652063 0.340666932629436 0.0151474203397973
0.0283371974770907 0.0733051340726936 0.22010834394259 0.0373260087565832 -0.0090987451631299 0.00982927946643082 -0.0100202048682925 0.0651194089778188 -0.0432843538798914 0.0592205415765446 0.0621308092858004 0.0521504117637786 0.0633983001721397 0.139249662804142 0.0457172023570139 0.0395057915588004 0.0452783819587454 0.0403112152660701 0.0461404942535842 0.134955995645746 0.649449351141399 0.163349466763691 0.000803469167048334 0.789287393774512 0.842704378124089 0.804090578343693 0.825369850848664 0.10980033517501 0.350761133869149 0.661872024834005
-0.0290341930056403 0.0277173631702124 0.197686649356704 0.189451010130951 -0.0232303152179782 0.179787799246238 0.141508778827933 0.29072901446649 0.102199012999095 -0.13756778533753 0.0688818225551554 0.0415188257805514 0.0792993037473205 0.0556786046788113 0.0666301703981337 0.087898149907956 0.0812350696531296 0.159674158433507 0.0542675451618324 0.0522903524745083 0.67441249407562 0.50614523697355 0.0145415206649228 0.00100636556822987 0.728188152976195 0.0438006539353652 0.0850082990974476 0.0720414971820973 0.0629704622035438 0.0100550019472703
0.0857546095463193 0.118754186604293 0.237135826440276 -0.171009062977349 0.0209845580822145 -0.00709304597933337 0.0181556728270362 -0.0323728796673202 0.0367669216624899 0.0440555378452159 0.0405210018086603 0.042021449071536 0.0581645811485387 0.179488545540513 0.0428367333990507 0.0484015240125048 0.0503009467611437 0.0537253004555442 0.0425504777648563 0.151465888746117 0.0371432061179805 0.00583159807141576 9.98104028462328e-05 0.343322628115383 0.625442831667084 0.883825637735478 0.719008611105257 0.548349054446672 0.389894331530628 0.771841947299843
0.00470407044887641 0.108122760306326 0.173135184463488 0.181751523719094 0.19610122525066 0.0134735924956088 0.045735156679935 0.0534295033903272 -0.0457513749159026 -0.0545473238268524 0.0658994286539011 0.0652845206174301 0.0543564653464291 0.0492579176570825 0.139429317438196 0.048297112511788 0.0617264940538069 0.0441326162685768 0.0394532917928923 0.0630015006559098 0.943253445866856 0.101207622477741 0.00199482642538088 0.000386066223479828 0.16307082810111 0.780912722259602 0.460684898067395 0.229231777690524 0.249299499380303 0.388922391438477
-0.238550283868422 0.0406351812370793 0.307072574559281 0.109293283692761 0.0103571683263869 0.00402879693206101 0.00260868815965285 -0.110790716048389 0.00754147350715745 -0.0617221976631646 0.155213219225579 0.0521765582551162 0.135751352425967 0.065526977390761 0.0501225976328202 0.0729999947653292 0.0454373714463109 0.0488656138710588 0.0381734718615358 0.0477525171898487 0.127900858547074 0.43818588383965 0.0261591322903325 0.0988878536375552 0.83677095459818 0.956112997011021 0.954346506085423 0.0258244970885451 0.843846542150174 0.199552624685793
0.0408362924088153 0.0806046259002891 0.0636612866736557 0.277986785825247 0.0283041219598714 -0.13567765896335 0.0113381499288413 -0.0238527778184959 -0.169633375070213 0.00138992303885247 0.0383220067288685 0.0389951246362713 0.071237788008903 0.0407899407253764 0.0481444048618708 0.0830547967281622 0.0551322220824788 0.0367400096679206 0.110037309056236 0.12453331089475 0.289548632172533 0.0417019903301219 0.373977343110344 1.17432685225636e-09 0.558122011205541 0.105958468245787 0.83754181742171 0.517898961152185 0.126800750121748 0.991120506058756
0.122237721327677 -0.0150956924470107 0.246722714981845 0.263095615758615 -0.0305213787033996 0.00471267632578278 -0.0479613079978549 0.052683017111749 0.132171544903604 0.167920620992842 0.0515390108152966 0.185766248784407 0.0406586982736385 0.0530074671213376 0.0498161382084394 0.0587583276190195 0.0450679817916109 0.0576765348394239 0.132133676287697 0.130273321784282 0.0199101680743498 0.935420437140809 3.27901952500185e-08 3.41197150557781e-06 0.541685802067075 0.936258900908468 0.290183278211676 0.363545064054436 0.319945891843152 0.200819430065171
0.0826987971255436 0.181170273603736 -0.0529374379820807 -0.289249098315413 0.0373224546510558 0.0653556260327357 -0.00455120718637218 0.0567639617507191 -0.0588511110473681 -0.0304200060325844 0.0329329417662639 0.0844309515968646 0.157818376036204 0.149211242136689 0.0633459881486919 0.0709339943405372 0.0481367507687627 0.0404473884123976 0.0491724484632299 0.0454702883393172 0.0138608964832038 0.0346438742771417 0.73809708367853 0.055764925177726 0.557247249034224 0.359382424785476 0.924889241025818 0.164015716222121 0.234586770706391 0.505241434723261
0.0468274929598981 0.11916037124882 0.110273678605982 0.088382215035535 -0.068706906008065 -0.0410239730741761 0.0253224593523706 0.0380429109758947 0.088356375566449 0.0575275047898746 0.0503923874240469 0.0401236387887328 0.0696485233885636 0.0675909875598463 0.040393706328298 0.0454713695666694 0.130816700820225 0.047049356539191 0.0675825584732435 0.0818471122817116 0.355297802853413 0.00383964936176772 0.116943276287444 0.194413737668275 0.0924872469574185 0.369416885561417 0.846957075152194 0.420940526360311 0.194487835983915 0.48399489025851
0.0982709732290494 0.0538764578500766 0.12281601458564 0.357266066946277 0.0604889825859801 -0.475749235215931 -0.0179929228631065 0.0440964721567654 0.057504350183752 0.203021123943575 0.0407301600310713 0.0461232860785555 0.05266233965108 0.0537989987293198 0.0507101060760936 0.182955239923974 0.0463212497265698 0.0546971748550557 0.0471681830365185 0.0666560567846371 0.0178848654915531 0.245887366379476 0.0219500286440015 2.39177172043926e-09 0.236102904114203 0.0109032423774706 0.698619743028057 0.422280601229558 0.226014541712912 0.00305292680167109
-0.0829989510321628 0.101607176359561 0.211648979182979 0.178450542214163 -0.0559769099996632 -0.0703243319941569 0.174975727630435 -0.0538559568582472 -0.0693080738476991 -0.119688386082069 0.0355659783513499 0.0637046276283102 0.0388289344288306 0.0608628157659484 0.0493739041067541 0.0369014253969313 0.0774474831856794 0.0541602204162489 0.0491448925648981 0.113886753775219 0.0218663456353599 0.114263377014863 4.43073006189918e-07 0.00428047882885793 0.259950502094502 0.0599125263161155 0.0263078029225866 0.322732727200105 0.161942375798652 0.296130405056907
0.13719789103356 -0.0311070135768996 0.168318223819639 0.281278502360956 -0.101666135186742 -0.0628112508849985 0.0393739090411308 0.125439987072343 0.0309926914675865 -0.0765509780426543 0.0515536073812627 0.0684949508754094 0.0462400192443835 0.0366161697200675 0.0586021690785943 0.056119592903116 0.042570413597001 0.111423862570592 0.0408231313800957 0.0703285282813282 0.00923542954455224 0.650826160310943 0.000456932967257477 1.94380918509463e-11 0.0862286538268577 0.266049687188215 0.357512466816972 0.263280623776718 0.449742400683335 0.279323371271133
0.123467999745801 0.120513183434135 0.131868384018642 -0.193120607096319 0.0076225995422225 -0.178254447440621 0.159637587389564 -0.0323684381510223 0.0610388144686961 0.0574369382518729 0.0411894544966999 0.0554967160798372 0.153317490200109 0.140248025971804 0.116290601408041 0.122824322311144 0.0671082453476571 0.0600907061806655 0.0623684978953983 0.0509675625834964 0.0035569664293684 0.0326443144275787 0.392125278463497 0.172088148273071 0.947889939068156 0.150335571263 0.0195824632247942 0.591513324551987 0.330483118230477 0.262906150142215
0.07645856220585 0.107480971687227 0.37749464298933 0.30012849984946 0.0267839474263807 -0.147392258551869 0.0897305781892475 0.0121018675400249 -0.169942448471554 0.0352692580526846 0.0389053041582853 0.03503142273069 0.185145587909642 0.0763445901062276 0.048911591000209 0.0592215875892164 0.195363854175748 0.0727995477854083 0.0574239468060651 0.0456151071426219 0.0525394317492269 0.00286272857943837 0.0444598416397133 0.000168037865523958 0.585353385486648 0.0146985107297705 0.647151474973457 0.86835298890719 0.00395924998108228 0.441480436460885
-0.0164174700317836 0.179150192319133 0.241194284511721 0.264412276275217 0.161347455096383 0.159944403787716 0.00275344638292021 0.00818580065995708 0.0173346121610276 -0.12052692140612 0.0420491764589169 0.0509885998661367 0.0553597483572197 0.0861656014246848 0.174207611967491 0.154156041235926 0.0385595485420591 0.150597752850184 0.114725070079855 0.0699283293267949 0.697180349921625 0.000707526433494194 3.63252120452437e-05 0.00287597570829145 0.356944730364022 0.302388685570476 0.943239128988767 0.95677808717462 0.88025307197096 0.088377525175423
0.00139261760488787 0.057524317535692 0.143343290919344 0.296161378075697 -0.135096861173515 0.0256354187777004 0.096424319553154 0.152533187692384 -0.0228790207172738 0.0399713407336457 0.067475384741019 0.0618461867692233 0.0710569150986492 0.0315918911247839 0.0489882544790128 0.0432948026099629 0.042015655171994 0.117720262681739 0.047631308853552 0.0367748047054464 0.983579398929595 0.35479758062873 0.0466430552994806 5.71300075012977e-15 0.00704813510944618 0.55525948502711 0.0240603328493381 0.198383273900298 0.632154137847379 0.279973773615198
-0.104141079568854 0.136788841437833 0.273891019157575 0.256464583632025 0.0102329427571563 -0.0643090684815547 0.0584567558733903 0.00858971966698399 0.0512622539418359 -0.00751820954097277 0.0832595746313114 0.0540249426282121 0.044030135293979 0.0623224201047977 0.0591858460885419 0.107159106567803 0.0501168142277438 0.0591298909450263 0.0920209974183726 0.0401785149957262 0.21428570662653 0.0130969995272865 1.57769097076467e-08 8.62254097527531e-05 0.863126475910947 0.549946647635068 0.246564736837409 0.884827251974786 0.578877001624476 0.851992345516301
-0.00221587350640449 0.102811313105241 0.184120910270147 -0.126761904790871 0.361414648327431 0.0337744790745182 0.0162479016041094 0.0401536268305535 0.0399585370729686 -0.323636322138324 0.0522132790144262 0.0653127632987374 0.0401549089065297 0.0734439538582133 0.169274156035838 0.0360673755347544 0.0494339864908081 0.0579885204440213 0.0454491990466212 0.165507285115638 0.96624497264158 0.119044058319904 1.49181478463807e-05 0.0878627817056286 0.0355332463145075 0.351615969158063 0.743179382891726 0.490483659708755 0.381692064924968 0.0537065003241212
-0.279279507256221 0.0993610400310122 0.229605017338757 0.143535934646543 0.0193255797909159 0.0341709058752364 0.0409222787555621 0.0268739082364208 -0.0390305249969541 -0.0605334532387152 0.155659103456462 0.0485500075424199 0.0929889549081521 0.0875403639080938 0.0563500938293458 0.0424766960840978 0.0456661639553684 0.0467370518664258 0.0472858588309408 0.0553318446363068 0.0762196757592714 0.0436839083904745 0.0154743727182891 0.10464726669331 0.732449773466549 0.423297972506663 0.372634481660188 0.566757038846411 0.411367255049316 0.276937232758951
0.0611755769667898 0.0175704473620636 0.0934821728153677 0.253065989472417 0.163841511179112 0.0389135503342479 0.0198070845403029 -0.0252015586091851 0.00337950262000878 0.114303685784882 0.0445593810108709 0.062826016017582 0.0399652883583088 0.0493518200470713 0.13398013289902 0.0601426031315662 0.0482889040255256 0.0501202635098182 0.142694197330895 0.0711597461603614 0.173271904144234 0.780388267453891 0.0215960023879965 1.72509382001515e-06 0.224640226299077 0.519302290844691 0.682671699645186 0.616345714495677 0.981158663249129 0.111791278574966
-0.0452869034308443 0.131332721086862 0.193414314763371 0.248706535099393 0.0551130221411591 -0.0627529333313323 0.04771813023192 -0.05229848183851 -0.0835881719094483 -0.0406486621676992 0.0603709464342346 0.0335457029467906 0.0543523177265364 0.0669464948629147 0.145854933904352 0.0528803226217352 0.0902945187204034 0.0312039077722205 0.0573786257854878 0.0444271405944221 0.455146504069435 0.000176709853985166 0.000600659351279464 0.000354236212873553 0.706432869944607 0.23850510460851 0.59848711308699 0.0972433290131252 0.148695573510192 0.36268958028099
0.0423674091633194 0.108702926197728 -0.120510461373625 0.291739759106589 0.0221580712993666 0.00247669592592348 -0.0278418007225938 0.0176573663721289 -0.0660776298652748 0.0603108460666539 0.0444524381807526 0.0324976326778218 0.0651563658394034 0.058041223945043 0.0709449223009274 0.067453575641944 0.0592611502753852 0.0347464363680282 0.0643941573310976 0.0500878215268633 0.343094591942214 0.00120145807458219 0.0676593983155094 2.5251049155576e-06 0.755513905000411 0.970791936116033 0.639623281705231 0.612571999463761 0.307574165725178 0.23170739382609
-0.0173642789391856 0.157629210980496 0.210788991414188 0.276462483331304 -0.0279578518210901 -0.0131421298713651 0.0380408291177834 -0.0662600174001111 -0.0112567945788266 -0.0198685330041896 0.0390907711079493 0.0474386964741562 0.0647325014612957 0.0389724762607791 0.0710140094454638 0.0271074108919409 0.0607702106234759 0.063116780668334 0.0446725249648928 0.177857491343754 0.657973283454577 0.0012945757946606 0.0015977231501282 3.00666812025538e-10 0.694747937281461 0.628997391103745 0.532931321432714 0.296652232753922 0.801633843150391 0.911304582944066
0.344243680339848 0.0816349721978681 0.175370412718246 0.301066448186933 0.0101236530354068 -0.00919965359729933 -0.201964957916035 0.0825161410225654 0.0204270893914891 0.0505545991768157 0.14022241408725 0.0501239755681047 0.0684234633156403 0.0520271542487279 0.0523658739686601 0.0569151498445444 0.152759940370607 0.0749778869479887 0.041659293064746 0.0619711329520069 0.0160565030233203 0.10695975430462 0.0120755374893374 1.08262890800197e-07 0.847149658897153 0.871961431829204 0.189558878698152 0.274098400303065 0.625115875099998 0.416830555155237
0.116806088931486 0.0357194932192735 0.221649981827853 0.300623801573904 -0.133113654274614 -0.140271391711407 -0.232018895217415 0.0533359414105736 -0.0848522646467572 -0.0430834730743701 0.0760026400568359 0.0548758768999312 0.0590653935519481 0.0431130399221979 0.04925202640794 0.0549778382259292 0.185794297886261 0.0816363606896697 0.0310950425297936 0.187533395074966 0.127913356573983 0.516797857969804 0.000313204198823312 5.48088498184573e-10 0.00825293904988872 0.0124555911674682 0.215052156996268 0.515243375914617 0.00767486321359488 0.818828829565735
0.0613146780516428 -0.210133665313689 0.249289269666826 0.282520009309718 0.0999242586671707 0.016096078638379 0.0111696774301921 -0.0564306149639537 0.00572969789271078 0.0410633607561426 0.043232655370886 0.106594562701988 0.0532401710971161 0.0602676563225903 0.0711025982124514 0.0473534221150498 0.0628190744565962 0.0450885596158837 0.0397308255325517 0.0364742094214804 0.159610125416353 0.0517918715795549 1.01066263314583e-05 9.89519876331532e-06 0.16339744430227 0.734722392023445 0.859278543918433 0.214013213355449 0.885658402588922 0.263268821717359
0.0529781427850138 0.074641538152797 0.138651661579219 0.0243141673839282 -0.183900110881611 0.0667606764034277 0.273138160726026 -0.100568785246052 -0.060205384588407 -0.0760407286201836 0.0472059515157898 0.0644637512504163 0.107573345547429 0.131686933984926 0.0762277789489271 0.057633774056528 0.151135362927074 0.0535073777347998 0.0553094052534842 0.0468399391093955 0.264797577053885 0.250044374121748 0.200809629274678 0.853939279932477 0.017918992513705 0.249851010851467 0.0741418218667176 0.0634812608593268 0.279337825552032 0.108077433276152
0.127919355008941 0.0775616386905771 0.121851716962161 0.0816888102299629 0.0166895133694225 0.104347265519076 -0.0827031035709586 -0.304008252530958 -0.0542419389520873 0.0453808093954696 0.0671467391740578 0.0472697122669077 0.0493112907050693 0.166481620257331 0.0659753051799531 0.0616866449184267 0.0573474424961133 0.173775355820059 0.0478930011705859 0.0556622730604846 0.0600365998701607 0.10440202146788 0.0153975520514217 0.624875797253226 0.80088442882775 0.0942665897076934 0.152812215407248 0.0837025856609646 0.260473448207207 0.417108343211647
0.0251058922472748 0.116959332496824 0.178938306679918 0.332006225918363 -0.0371894320503751 0.0720418538870904 -0.0690284755564934 0.0844041091388667 0.353297102053182 -0.0225337283612535 0.0382540171684049 0.155350215146826 0.0423127378180047 0.0534422921874203 0.0331944713572623 0.0485258732554299 0.15501945188448 0.0674656995681085 0.0980884300267691 0.039984715529369 0.513347268188665 0.453534255407283 5.73011338102469e-05 1.68672275498431e-08 0.265612877540476 0.141221275875237 0.657204296112155 0.214225911728291 0.000522452503939662 0.574487895657412
0.0890905587201324 0.120360299098445 0.174362135415841 0.284217025595186 0.074738828954254 0.0429678031020101 -0.0296363967175366 -0.0936362553368111 0.00496263139220472 -0.0250789751713381 0.0553024663282469 0.0442896811938535 0.0657506113951889 0.0505914768212395 0.0446432220833787 0.0417686946700494 0.041799504583966 0.126805625466793 0.0513852874518057 0.0393957152193939 0.110727549941525 0.00790330166808451 0.00947660094061804 2.18123045692698e-07 0.0976148273885113 0.306404417031722 0.480169517468601 0.462199924730272 0.923279551293 0.526024932811639
-0.014389644428136 0.0780930880729444 0.156990588371322 -0.100935855203117 -0.0119556493179509 -0.272210904999167 -0.0402270062337896 0.0744244262216448 0.0374774068004773 0.0189772375021072 0.046602319697951 0.0640869260905283 0.033979947928222 0.146596166421682 0.0615329936423201 0.122316454603401 0.0474586326068763 0.0483090576336341 0.0410166475680704 0.0372340460216803 0.758222289222523 0.226271953103239 1.30377917019647e-05 0.492930293366719 0.846391507199244 0.02860606526607 0.39894772860092 0.127005079624673 0.363364826589689 0.611555475160681
0.11627354607966 0.0166119820355293 0.230312115385898 0.326664020864665 -0.0559632076398118 0.0267065935714175 0.0643389596297271 -0.135266306503785 -0.110663994381589 -0.0597064851769071 0.0388170434246351 0.0798530511651844 0.0516125818376534 0.0771806934757036 0.0641968870322532 0.0527879742068133 0.0679511797822802 0.0471802810424066 0.0527287848449332 0.0484035517709757 0.00353983132223399 0.835674103149023 2.33971200979197e-05 5.55723877769038e-05 0.385668013955887 0.614148425001534 0.346255136192117 0.00515991225350143 0.0386408815120677 0.220595662504068
0.105501060489238 0.221379224443336 0.142881463228336 0.295798984001117 0.00622078455960337 0.0354028629758462 -0.0745367917793218 -0.0607449201693646 -0.0146203517150113 -0.130991269088403 0.0695672080964693 0.0471605464466812 0.0562697728283293 0.0377872242594622 0.0363929286745336 0.0554211811867775 0.0452678977068575 0.0493408076672285 0.04464436400212 0.0537088818266617 0.13288897205807 9.5315768908962e-06 0.0128266434971424 9.20855730255898e-12 0.86465946603563 0.524577615577169 0.103133998765132 0.221481998366948 0.744061756213172 0.0166942031373698
-0.082715919542797 0.0466921664577938 0.228039308485795 0.251140829023106 0.0257255360426957 -0.116574423080138 0.00407653081561692 -0.0148994730271597 -0.0285478984105576 0.0352933646120425 0.0410186393334224 0.156740023274224 0.0586749185171441 0.0436524216387767 0.061343224660647 0.133770127854771 0.0566635687627589 0.0561947509578692 0.0579745466250621 0.0365840632552243 0.0467918317288844 0.766485008909487 0.000196730699011681 1.25062802300715e-07 0.675967395618023 0.385877985121821 0.942810756592473 0.791521746613929 0.62364790307673 0.337328917412549
0.0117961920706824 0.114558060927058 0.12856225093407 0.253696309032335 0.113885187105583 0.0180337460486567 -0.0623318701304019 0.0460305625154446 -0.101124912992975 0.0679408557427895 0.0546050460157403 0.0555980769455498 0.0444625808626653 0.066119839588284 0.120891964353465 0.0636798760097728 0.0445350106998353 0.044049796363075 0.0765779164892133 0.0445831609661844 0.82946065468901 0.0422731799188499 0.00481815523647754 0.000232474256177051 0.34872173167887 0.777685947511718 0.165104600275223 0.298868349922426 0.190037491792213 0.131076061575773
0.0576415161520003 0.340563234034848 0.194239239329996 0.292804929054487 0.00966825382383891 0.0264219738818285 0.000212036247935886 -0.0370023889795695 0.0498140603062099 0.15446922121069 0.0606676238440403 0.187187026848622 0.0720836092572839 0.0395404721769378 0.0499009253537012 0.0666019456488674 0.0485169429970138 0.0565214660138908 0.0516486815594174 0.0778977444750277 0.344653492316822 0.0722551161379079 0.00843944816517043 7.46744895689301e-11 0.846818957436162 0.692538260011255 0.996522864774507 0.514393638254415 0.337448898904442 0.0504887889572911
-0.00935934117526715 0.104381378369378 0.301574178511716 0.186477141737629 -0.0440703995832792 -0.0316621326915574 -0.0364916105818732 0.125688600158866 0.0141410476437234 0.0041582373091142 0.0579717677079147 0.0569446275659907 0.0451820030482742 0.0596715236279394 0.0447135817691695 0.0411507054061139 0.0397881523932053 0.0485144944383346 0.0523912214648289 0.0623224515843641 0.872103590421637 0.0701037889000531 1.97495681465709e-09 0.00239296467224907 0.326964140165106 0.443659306226465 0.361516454535576 0.0111716276569732 0.787845464265464 0.946951543836911
-0.0309435400378112 0.0379474152362292 0.242339947343061 0.219680411374249 -0.00759359783034001 0.0514224506677944 -0.0034819991772862 0.433167091530321 0.131548989479312 -0.0825022399886218 0.0730748139263362 0.0342836593316068 0.0621990000002449 0.0596440454107649 0.0472335806721215 0.059557314036297 0.0418316115921027 0.133187068066966 0.073484038473561 0.0462045105947753 0.672988440585207 0.271334612700297 0.000188848294387452 0.000394840068154932 0.872641327786489 0.390232283185285 0.933848860677984 0.00161786757189761 0.0768270833690202 0.0775721932389181
0.133613924792004 0.0831105467842252 0.251546368816524 0.301672268106311 -0.0162773751800049 -0.36993926661646 0.0164174637506273 -0.0439886959905198 0.0535583927971744 -0.0099905641157468 0.0648917964254895 0.0426757524841442 0.0470002574648389 0.0342246483446071 0.0814231141322473 0.124034107191691 0.0532343809299204 0.0536904382913027 0.0356371806152718 0.0527299713245468 0.0424142639105108 0.0546284754640336 6.70676491371666e-07 9.09469579204041e-14 0.842006265856814 0.00368766221378946 0.758498940538929 0.414802585535102 0.136410210995748 0.850158623148483
0.00118124120948314 -0.00837655187493273 0.22674651818903 0.283195391315587 0.0618723997982513 0.107104840528174 -0.10168198586614 0.0396058284588665 -0.0243617759879432 0.0366433047883343 0.044996436101745 0.0626213306385307 0.055043896113838 0.0732710004810645 0.0434133913894157 0.0715683173389538 0.063537519566755 0.0561069210784575 0.0455752232849061 0.0450256139569973 0.979114554180749 0.893886943952672 8.42260430308095e-05 0.000209346329413187 0.157560667353005 0.13801177274931 0.113026580183044 0.482074105621011 0.594286128542295 0.417888941337915
0.110884590000912 0.179651848108126 0.0876645647987347 0.188124632432736 0.0179924998499056 -0.0039180898818011 0.076185550083937 0.0681251207385698 0.0858085821249828 -0.0787630046514702 0.060686666149051 0.0926589565869645 0.0596961694282135 0.0857856528961174 0.0443721155977601 0.148578644177773 0.0566031968844651 0.176979533878003 0.0792592941707563 0.0672889740368905 0.0711036752204691 0.0557611233098206 0.145571571964066 0.0309782918820367 0.686111993848495 0.979022235338382 0.181812832762583 0.701227081663047 0.28196369243116 0.244988582640324
-0.0191000874061591 0.053761717082745 0.0928012090424874 0.279461584782106 0.104267590768654 0.0578818731569691 -0.00591550271440197 -0.00172257329592331 0.287169533647894 0.0170200661674639 0.0693132988991752 0.0443206172775279 0.0580230927682204 0.0505815946965372 0.0506462490065549 0.137867077875899 0.0567913752949639 0.0571320781440175 0.179489165138087 0.0520796390646962 0.783530791367069 0.228368975732823 0.113319679615755 3.30855265698738e-07 0.0424755246070018 0.675626880548611 0.917277828584209 0.976015125972012 0.11319906870917 0.744588817508948
0.00555016220057141 0.544520934272093 0.136237498441024 0.142884043326752 0.116481209257357 0.16818081004024 -0.0777933023619903 -0.0512413287416389 -0.0736278514499887 0.00169987099798008 0.0384032589931916 0.197650605043121 0.0870728055463351 0.0809150202322258 0.0500003761329348 0.0517246307090198 0.147155703094772 0.0452135905486294 0.0551656892583968 0.0627321511130996 0.885417808899193 0.00713264484261899 0.121256759910015 0.0808888298344535 0.0221163317803118 0.00162815950635898 0.598381714001418 0.260159382157607 0.185428208578094 0.978443495832573
0.203816493428056 0.0948774594757587 0.134030701919299 0.291553803779919 -0.0447916904798093 -0.0234666499513756 0.0290532873728724 0.0383399302496898 0.497342952912205 0.14276587160507 0.0337646223577608 0.0519952791729538 0.0366122895500676 0.0647028655724842 0.0391794757978884 0.060364471591112 0.0573559374112236 0.127204071752687 0.170723705831576 0.141044122636754 3.76673283708472e-08 0.0714737465264755 0.000430745558341048 2.04543186643288e-05 0.256073566102663 0.698411340875986 0.613756388526431 0.763824992536374 0.00454645346972544 0.314245855913151
0.154385555860989 0.129017140742992 0.0948880417973373 -0.0990552810378027 0.0217332165364177 -0.054582238184889 -0.0251886745216689 -0.0512941163040976 -0.00244524328003803 -0.0219333422726766 0.0512692932833733 0.0349842798271164 0.0929932349074986 0.100501762004508 0.0470961858139737 0.0595127394412226 0.0453754617777829 0.0364880898721488 0.0371748269310976 0.0297526321299043 0.00337644751154245 0.000386486589110715 0.310285330220833 0.326968094756875 0.645578796635486 0.361514100217213 0.580191993589562 0.163233305381697 0.947701373977017 0.462924362257402
0.370968805257891 0.0309822323427905 0.107480249970566 0.406965343754516 -0.0143405008651986 -0.0138547884717091 -0.0272983083133315 -0.0805304717203593 -0.00166536799675836 -0.066254099892567 0.0728508843863544 0.0821253904472988 0.049551521780819 0.0672914692233142 0.0465396828769691 0.0530923692042342 0.046227049263496 0.0680759953691735 0.0446735469396606 0.0628390937953735 1.93102469562795e-06 0.706872066287397 0.0327141689666829 3.29131702490951e-08 0.758691707872235 0.794722395705033 0.556317541671802 0.239944643655766 0.970345418821623 0.294547165691157
0.0332396005867 0.0760835148185151 0.199597134744007 0.29716609207164 0.00232088619823515 -0.230622950402233 -0.0198382385242128 -0.0604360105274289 -0.0407068571592064 -0.0268534086030143 0.192361490948217 0.0478617348271021 0.0914455536187896 0.0532456174162882 0.0724445283920524 0.0572076508238905 0.0649135597294545 0.0541488127581409 0.0678992515728124 0.0503338760225232 0.863202902107253 0.115459405564335 0.0316915300240239 2.55216179174701e-07 0.974514491924406 0.000116753477987903 0.760615199787558 0.267379570139709 0.550350392835274 0.595013467248385
-0.0179127692024837 0.0495204142322677 0.189360074297193 0.346348020499581 -3.31422090405122e-05 0.00687583539981505 -0.0304267751118014 0.0186851202573546 -0.082506303695684 -0.216968661553956 0.151947970218525 0.065215989549846 0.0440889209820991 0.0510259190329256 0.0440305882091224 0.0519580148725111 0.0332029068175687 0.0481242104283028 0.179492527843382 0.0523078886089873 0.906425446857505 0.44968483752457 4.48635346420946e-05 1.27612022896136e-09 0.999401129086515 0.895021874666336 0.361967477113968 0.698754978893038 0.646890813842166 7.71462671128541e-05
-0.0231077749805139 0.185778703119622 0.158530567028718 0.258310296480487 0.0336952979869954 0.0193167541619609 0.0351025762445827 0.0422578167593309 -0.147568637046291 0.0669075024297265 0.0735897980882443 0.0653046170908478 0.0433701311918871 0.0501604275098252 0.0570324884277328 0.0474620292725058 0.0632772314621648 0.0520163351168966 0.0540860318892568 0.0447664749638209 0.754241756948907 0.00550115571847844 0.000431742062278034 1.52499155047538e-06 0.556129312640307 0.684978828042353 0.580446773085831 0.418708635542088 0.00765287254283889 0.138519659336557
-0.0158674756552651 -0.15289196081747 -0.00138790066891637 0.243098788792528 -0.0195457616800772 0.0370445598839082 -0.0222522252699837 0.20135282508194 -0.0643238629115353 -0.0159158919528557 0.0587358439252886 0.121786647843645 0.129219295459093 0.0383146319530871 0.0431518364258498 0.0458296161202786 0.0354825065191343 0.132663600796824 0.0786743797597148 0.0361800625163547 0.787692245813373 0.212731018811658 0.991455233979132 1.00270760488349e-08 0.651723156171655 0.421142219978915 0.53223397933912 0.132740031412386 0.415847287768754 0.66110745216141
-0.00430793058908997 0.0497531785480472 0.0531171893807876 -0.461839977555828 0.00993920826950388 0.0583840297254963 -0.00598264953711101 0.0125773689864898 0.0301926614858911 -0.00648308835202024 0.0464973835142157 0.0567488602664899 0.176996798622964 0.188520767071125 0.0379764867232742 0.048324593264692 0.0523800388630588 0.0395719822645918 0.04968325063642 0.0398678493524518 0.926393107512566 0.383022792835719 0.764806708679766 0.016273708418028 0.794148887701196 0.230220944528163 0.90932659147685 0.751362924651724 0.544949550342076 0.871194840784433
0.0114826620686691 0.176359453366916 0.143100980173563 0.216910435141302 -0.024645406635306 0.214012494538129 0.318887569036797 -0.0578526894755046 -0.0485962641429254 -0.00933045371724935 0.0516952017152084 0.0952815024029435 0.0460696897282538 0.0622717345090485 0.0609788939772857 0.0650769854303158 0.187409930231887 0.0477145672506465 0.0522581881096729 0.0920821418547823 0.82473329082721 0.0675342355361496 0.00255082291786588 0.00077387790829111 0.687073504963923 0.0014484952483533 0.0923703533801744 0.228575931070008 0.354953215254631 0.919520998534507
0.0222076185970726 0.126906390348548 0.128645261506867 0.182046550036996 -0.0027026355647803 -0.0409998723767903 0.0808750792476459 0.00659237765065944 -0.0602790887374909 0.0458064602837598 0.0393526526821583 0.0465110874899292 0.0444079835522277 0.0515647348690225 0.127292537058283 0.044609012355367 0.0378027550558934 0.114361231487648 0.042373215116329 0.0409490541540884 0.573969688226913 0.00768096097247067 0.00475448710318474 0.000662557925962477 0.98310890349174 0.360558876643034 0.0351723532725711 0.954161927066975 0.158394484877726 0.266346256008452
0.00397682448829385 -0.0878818063714896 0.228126506867947 0.24331770773571 -0.0124906545759197 -0.0913137297005844 0.0574421105933817 -0.00756680684978292 0.0253703569239239 0.228700297301527 0.0495841056721704 0.0712793183799948 0.0419003683196968 0.0415433374135318 0.0328599665875036 0.0410983652433709 0.042131760184334 0.0532803955524634 0.0528737025450075 0.177869704178772 0.936255389317266 0.220851757349335 4.55002384559484e-07 7.79102112962047e-08 0.704763684969024 0.0288305286859364 0.176197933786072 0.887386315443127 0.632525827645217 0.201857185911688
-0.0068067835219856 0.106297231317144 0.119663732454316 0.217944282943154 0.0320808406119855 0.0228310155287588 -0.096006677485202 -0.263033633015748 -0.121578327111601 -0.115398776586222 0.0863994717586643 0.0614969669316375 0.0352671871732372 0.0507755333046043 0.0624981932583929 0.0378672707238639 0.0477735484126066 0.142646405638287 0.0500122305255325 0.0532102355184821 0.937382329750004 0.0873672415000648 0.00103339399736348 4.48862868625722e-05 0.609007583587462 0.54809381429236 0.0475002634181634 0.0685170057498854 0.0170636331989996 0.0327697755055621
-0.0026442985080532 -0.141437154923615 -0.280216357733399 0.196757092426498 -0.0159883092965654 -0.239698697471009 0.0347373293973017 -0.0772297480541096 -0.177025569650374 0.0559492850579479 0.0565306595417668 0.18404563905163 0.208979408798829 0.0740284126477007 0.060515434849952 0.0846946143043643 0.0437710285186041 0.0631435308027968 0.0472792439937312 0.0750884038148722 0.96279746149678 0.444253866358892 0.18341029455747 0.0093394177446395 0.792241899865768 0.00576337918429032 0.429554546724496 0.22456379825612 0.000322330903179907 0.458189343078163
0.0711521547237815 -0.330819474962665 0.179042640194234 0.123309875326217 -0.00860277826690349 0.0202498273294026 -0.0331023886964667 -0.323714776827378 -0.145824129276758 0.0690580291293704 0.0473162348204932 0.162052384724811 0.117069017860326 0.152646856724969 0.0604716748970948 0.0592645602844721 0.0544024273276509 0.161405297088573 0.0979775191697261 0.0715539915111073 0.136350370552413 0.0443089300176618 0.129884192362795 0.42145409725132 0.887210288911602 0.733431057047293 0.54449665989845 0.0480795982927571 0.140361299244276 0.337223691265759
-0.0482862699227985 0.14733327406522 0.156181187197237 0.278033970227595 0.0290160356626538 0.0152483329522061 0.233587496912084 -0.0598618330278304 0.000709753579039379 -0.29622764818328 0.0608771000124078 0.215218048815652 0.0480977938720434 0.0507353168662553 0.0616401428100267 0.0469494993541247 0.105657409415861 0.0905135277471261 0.063850470466081 0.0590779286253368 0.429784627388895 0.495389922580199 0.00164429797618286 3.91586678620864e-07 0.638983246494735 0.746108560224388 0.0296130547075362 0.510091399885386 0.991155880455002 2.69489949419835e-06
0.0379520776330863 0.125872685108452 0.256473076417023 0.243332130020249 0.112493258589714 0.105601546918866 -0.0428941751193692 0.0784232125567307 0.101357182034409 -0.0221861171585202 0.110696645903128 0.0372113148707267 0.0406255559331502 0.0713212858073945 0.079840324009084 0.0609623793185065 0.044673336486598 0.0583988563940363 0.0707745140628141 0.0584936845262509 0.732521577133755 0.00106870257134597 1.04488676644966e-08 0.00097270189017089 0.16232599954841 0.0866948978489035 0.339568977364375 0.182722534316691 0.155613966165934 0.705375369326554
0.0655238644475065 0.0931620863578297 0.226606272250527 0.221488686524925 -0.0836761489391665 -0.138421800028638 0.0805692318957558 -0.0221975158090855 -0.0306064981532793 -0.0648494248165183 0.0361660470123603 0.0384920328581957 0.0564998281821201 0.0519068197094103 0.0831590655867082 0.0960863255137306 0.0520228050396768 0.0472821756042537 0.0488570959085127 0.0533814232339851 0.0733975403674914 0.0175401632905853 0.000125708544252295 4.93131726133656e-05 0.317038608318127 0.153207005824857 0.124995611894145 0.639882583917699 0.532623733935208 0.22764364268684
0.0719382200351265 0.0525167548260599 0.174648922347584 0.203991217875888 0.00248984746899491 -0.0398577663807409 -0.0527900275109143 -0.0351499602851856 0.160496935046675 -0.0139494254074907 0.0495759285797664 0.0427905233223463 0.101220000834334 0.066109262646098 0.0534870266560144 0.0555168558468737 0.0572385291690994 0.044855354041505 0.0657489211626144 0.039010211883226 0.150275588880607 0.222946803550927 0.0879190659479558 0.00270654716731936 0.962975785084979 0.474674701768886 0.358875321865831 0.43533826456884 0.0166241013124835 0.72150129169786
-0.111551934561244 0.175096291061969 -0.0267638178574958 0.292046773418829 0.0906024346253363 0.00367414904596558 -0.0325471471817292 0.0644186076671679 -0.0934904064880117 -0.0411332244102795 0.183711329748797 0.0687312438712724 0.0828458376367532 0.0502436153505226 0.0555210142846839 0.0388698424115256 0.0462033436705557 0.0491756468760343 0.0586541103427656 0.0722044469167302 0.54525555112649 0.0125646060530299 0.747410866671296 9.44270259418042e-08 0.106242877287276 0.924905078313572 0.483002568092071 0.19357721549237 0.114497621134847 0.570331827926061
0.0429249596461652 0.0583628975044805 0.111367608582216 -0.45818973470138 -0.00701208783297242 -0.033928774479533 -0.000676876823541901 -0.0188434210682291 -0.00505577475315188 0.0333095841786698 0.0489542841467907 0.0472385535159462 0.0657826610745564 0.172523958500825 0.0333971085363041 0.0438120543974483 0.0522450432034653 0.0615082446573081 0.0531725268131634 0.0430811138050194 0.382935497225581 0.219898467424447 0.0939603052406984 0.00937497098127947 0.834178072002757 0.440737036596283 0.989692047130257 0.760049125849171 0.924463081914754 0.441462802647349
-0.0207424565284894 0.0957679316295734 0.365854920688651 0.284837544146086 -0.0118151898307484 0.0708839142732702 -0.0965686951753277 -0.179088512289682 -0.047600142632709 -0.0560387160835651 0.0622717853000135 0.0493737473945267 0.0554818972060111 0.0477310479472866 0.0529879618990256 0.0501819119937296 0.0465733870131353 0.0871662394370712 0.0574042686060539 0.048911352911689 0.739836850751624 0.0555535522750326 2.84898644992054e-09 4.68460236973764e-08 0.824057334207953 0.16123999836436 0.0409861797497657 0.0428208881985862 0.409179954194881 0.254948359379667
0.173322183034423 0.12766469333525 0.169624190058816 0.174214603794885 0.0455839178144501 -0.213502598478011 0.0187600840831212 -0.0337977545007612 -0.153294707086412 0.0458585628623859 0.0394095656955303 0.0542771450123702 0.0567910258579819 0.0576542809805638 0.0835756371634674 0.202583039971344 0.0372203269331034 0.0611608675170106 0.067714442573808 0.0722804764172075 3.0185214022643e-05 0.0208741384720675 0.003641421463767 0.00328171480231141 0.586828282793721 0.294780726648474 0.615487207951081 0.581919686856534 0.0260143749283374 0.527412761549136
0.0583285015397397 0.165643253161337 0.151039497609713 0.396473890138472 -0.0245072661481481 -0.0361529643013568 0.0230354875435719 -0.00836144020001827 0.00781068382267138 -0.0152452051653005 0.0444464598697577 0.042042747200375 0.0611004376934895 0.0507017827499455 0.040848867494056 0.0956287209846483 0.0500593058154979 0.0451945819869655 0.0487344611608994 0.0508569809107831 0.192745289579887 0.000160730835942762 0.0153170095788709 9.57685645136713e-12 0.550047339288888 0.706279567484807 0.646508373458583 0.853637639300658 0.873027373996895 0.765046711394851
0.0503018280876436 0.18422701503644 0.136562350876317 0.271619253930027 0.0767860087567106 -0.0122860001279626 0.18995056978971 -0.0849493389253009 -0.00732374110424582 0.018087605825593 0.0398630861113131 0.0445035601457138 0.0650287212430278 0.0528137939515171 0.162042760698662 0.0447737690219738 0.161610787542229 0.0569669282233231 0.0406871858036326 0.0546919943404441 0.210331764547381 7.95211054165616e-05 0.0385882557137312 1.62137050830662e-06 0.636771446457538 0.784419038167391 0.243021730241846 0.139483875909844 0.857565500557465 0.741643940181001
0.0498504867728959 0.0831706362941429 0.159283156369279 0.215110002003618 -0.0564412791900621 0.00282859363577158 0.113597406416205 0.0150118147321196 0.06011695782259 0.0297760477784249 0.0408946403614941 0.0372852424440763 0.055586020617256 0.0562029713627011 0.0462183958941404 0.04325524363581 0.0607212125549224 0.0525562073339673 0.0615273301558466 0.048227380178585 0.226065999348044 0.0282177035237255 0.00519415729487296 0.000240335653058418 0.225240589343151 0.948007697897094 0.064658511842854 0.775822546544687 0.331179284002026 0.538541068268106
-0.0313855810100285 0.099557461636891 0.133010086714139 0.296913995406527 -0.0505428843458496 0.0582138858688087 -0.162472166729829 0.0607664839074784 -0.061365489599359 0.0174063731758597 0.0645471584899806 0.054301962678114 0.047626476714523 0.0471092401727683 0.0685321777510355 0.0545868043826217 0.0585608710633131 0.0973078510599805 0.0421963600239985 0.0412594171136321 0.627977025476012 0.0700480314593243 0.0063831710990244 1.06054857268497e-08 0.462733254673806 0.289074504279867 0.00672413606528714 0.533894471880602 0.149346232997349 0.674121276388178
0.122237721327677 -0.0150956924470107 0.246722714981845 0.263095615758615 -0.0305213787033996 0.00471267632578278 -0.0479613079978549 0.052683017111749 0.132171544903604 0.167920620992842 0.0515390108152966 0.185766248784407 0.0406586982736385 0.0530074671213376 0.0498161382084394 0.0587583276190195 0.0450679817916109 0.0576765348394239 0.132133676287697 0.130273321784282 0.0199101680743498 0.935420437140809 3.27901952500185e-08 3.41197150557781e-06 0.541685802067075 0.936258900908468 0.290183278211676 0.363545064054436 0.319945891843152 0.200819430065171
0.142010821091549 0.130686328270675 0.122341949714637 0.243536106706158 0.0378614224596148 0.156113905121155 -0.0765463151700874 -0.185577646474049 -0.0019390906045423 0.0482746584147641 0.127638862867001 0.134757875265803 0.094412899877612 0.0434107222923739 0.0375501580875465 0.12963529322545 0.0499125561771569 0.143142408013605 0.0374659513098033 0.0503543653811138 0.268981229402407 0.33487266276357 0.19850523973339 2.41545720586076e-07 0.316144131374692 0.231795098066056 0.128796755462013 0.198286958248721 0.958843082880529 0.34039813113936
0.0572620128865353 0.0497458679011659 0.119734983973237 0.318540582856988 0.00790726382875718 -0.00599682862591594 -0.0193546328098618 -0.043730792464582 -0.0119113019851212 -0.00948809957657792 0.0388706363474361 0.0522024227091339 0.0450612912183031 0.0363724475704486 0.0511422601368895 0.0421902683038694 0.0415986781995706 0.0652945149009608 0.040406282641011 0.0500394620630271 0.144201314034791 0.343171954337852 0.00932338990581978 1.09861348103435e-13 0.877472537867951 0.887288929355297 0.642861692406189 0.504733915879253 0.768834468695388 0.850039897504228
-0.0623039942670688 0.0448598818735951 0.140928555415743 0.39842805343086 -0.196835129098543 -0.0811887958853122 0.0403938549263866 0.0501970490006867 -0.0422479933108491 -0.0116240316659334 0.0666235777674515 0.0476737409281493 0.0852965131772649 0.17876668578661 0.110517633818365 0.160234366895422 0.0570916624457735 0.0648723300505072 0.0432282091353622 0.0494991405468626 0.352292094557855 0.349322218011958 0.102094654413713 0.0284071743867825 0.0783979331557037 0.613655676250124 0.481130503349623 0.441157206627439 0.331118274964663 0.814890175533584
0.107271865188046 0.0694802522814081 0.109373210127139 0.184823630726615 -0.00282885420196514 -0.0029060353403961 -0.0268235697060465 0.0397871948187266 0.0896679818709262 0.018753640871461 0.0490334926085037 0.0679840644251339 0.0543338518299393 0.123052892591973 0.0497162621225166 0.0357405664864264 0.0572308232811446 0.0393593759735646 0.0467237825127955 0.0430725301053826 0.031309940603571 0.309547153859384 0.0471380565275865 0.136640750109952 0.954752422794027 0.935378663621094 0.640436525510364 0.314819240698128 0.0581750647975996 0.664328540026343
-0.104450085205302 -0.236721724678842 0.227855556828986 0.262357311077591 0.0722279935905349 0.196069313567614 0.0166311392610793 -0.0129720614341022 -0.0837201475824303 -0.0031310091396246 0.049466628378761 0.169157982332126 0.0495315918446986 0.064263910223018 0.0422666281463482 0.0614975996484135 0.0516671488466762 0.0599366091340052 0.0526791222135624 0.0338491739700729 0.0375301987459559 0.165165226715342 1.39164312341355e-05 9.70689112236397e-05 0.0909610055110186 0.00197598415399937 0.748290842100518 0.829148138718881 0.115550860783785 0.926509613151903
0.0462992185283211 0.14336973568845 0.0747952278680875 0.318888401798458 -0.0805112183750855 -0.0269183682425909 -0.0279562126840202 -0.0786914832454979 -0.0120486995234312 -0.0757723911671558 0.0480064802361601 0.0406619214732133 0.0604526826805727 0.0420185014552527 0.0789085813240532 0.0443011092415743 0.0412235349698687 0.0578381178564078 0.0365207111252969 0.0392394190518891 0.337411251553612 0.000666222207424379 0.219211836769459 2.84017686328373e-11 0.310316307356915 0.544967755460749 0.499409240487424 0.177054551492911 0.742231498289782 0.0566270584487303
0.0420788442967362 0.091279379644443 0.255084251281587 0.267502209397811 0.110122682358583 -0.0579140914187501 -0.060208197388836 -0.0348716861225066 0.0396298931588211 0.0281895393328582 0.0551330967278469 0.0322073909988835 0.171256638061348 0.0465029331519579 0.113773622801103 0.0445915689866796 0.0580458838497781 0.16108647219382 0.0395843206937875 0.0399963626106652 0.447395119083484 0.00571176377663177 0.139975982665146 1.28645864025652e-07 0.335772154578911 0.197455487344043 0.302492887532696 0.829121926022261 0.319530128727433 0.482815679399015
0.0136078279605791 0.100330560996719 0.15214640845671 0.321474474127435 0.0041969397441802 -0.174566972032552 -0.0411148161382793 0.0285638542787907 0.0123157020147245 -0.0174252109503391 0.0514614261054102 0.0448587351734089 0.038268582941532 0.0551675627907399 0.0488028808808387 0.0535369746717803 0.0363642916464859 0.0481212644488065 0.0408901434285965 0.0435999278059593 0.792054949678354 0.0277841711473491 0.000141451853393917 8.64598476113525e-08 0.931659207671555 0.00157022519314192 0.261211897959369 0.554281497958947 0.76396438181892 0.690352784454178
0.00429183744995025 0.0672594826483067 0.333761022648925 -0.103584638670014 -0.136869737199769 0.10545007444026 -0.0819130032269978 -0.0893106767279729 -0.0996769130487484 -0.00108617221387924 0.045984147598977 0.0409742154665344 0.0621882220278008 0.149023511180621 0.0544436215132768 0.146483536373488 0.0616819300202528 0.0527090513952268 0.0486813821543862 0.130312875703598 0.925853635695598 0.104302413719494 6.55353360757224e-07 0.48885173273518 0.0137786503111331 0.473530485726618 0.187654905147588 0.0937646718018092 0.0436214659607397 0.993368704369363
0.0167354019729175 -0.0294996907855995 0.0969413625922644 0.162102021464329 0.0158999491369416 0.199403850853808 -0.0743844907324238 -0.0680143048794074 0.0262762684109948 -0.026686817428404 0.0628036302754418 0.0535692284267816 0.144371098799466 0.106427909605038 0.0573371734835372 0.122491456596544 0.0457018331726941 0.0531788656031821 0.0414589838403867 0.0556280278957255 0.790499200697873 0.583245954958136 0.503677834418614 0.131315399408948 0.782195445669367 0.107121367475524 0.107184269822359 0.204269157302121 0.527862163798471 0.632604700734047
-0.0335062147110404 0.349767592027286 0.17512957683513 0.425218158712091 0.203830066930658 -0.0178733042285414 0.00656470209673397 -0.162427485281059 0.0189832766152308 0.0471516823600064 0.0538698859870807 0.0618145078936788 0.046187935048879 0.0950850058975743 0.0573225233367512 0.0599789803912864 0.0508626623782665 0.100105047830455 0.0451565515662427 0.181094781118086 0.535560481492295 1.87752066710061e-07 0.000273752932656788 2.30337269103755e-05 0.000609056599800473 0.766411084063995 0.897599000630285 0.108258619038596 0.675226732613114 0.795186506541939
-0.106492317309081 0.00238698648496137 0.308873010689337 0.330808225403463 0.0138720639689803 0.0461210515824321 -0.00304288837251936 0.0520072387100407 0.0353726191630247 0.351321758674679 0.145249699324741 0.0577676638419547 0.040327385045206 0.0462955456078948 0.04929699052561 0.0506156987570603 0.0692068866145293 0.0502277653133852 0.0559505120049222 0.18114668401667 0.465383219074963 0.967132977939909 2.16200682668622e-11 2.36682675641706e-10 0.77905853038807 0.364651136055036 0.965028409383704 0.303274251960597 0.528868747370605 0.0556160833497535
0.0652111379982948 0.0534893044879677 0.122091498073607 0.163012117584177 0.00978972460284725 -0.0247754369874633 -0.0133061918054381 -0.0213282413780776 -0.00102832758301957 -0.0220514096999878 0.0619934981040366 0.0461643460426567 0.0347991392475191 0.154353983133542 0.0407042260074658 0.0609339819578053 0.0404931944075 0.0508423365153205 0.0458962555972161 0.0512343562134402 0.295691801758474 0.249689722805689 0.000709059838509928 0.293784200724628 0.81048898336589 0.685281749418189 0.743227579131085 0.675863324816617 0.982174667272422 0.667943136292984
0.00424155247540236 0.0238848550379616 0.142662702681811 0.272292072012931 0.104156752622717 0.0899049372936815 0.0479794491419532 0.0441363338159569 0.0272626832927236 0.0383970556062947 0.0564554591676197 0.0459354009613314 0.064803614236068 0.06005536774115 0.0568311718906008 0.0501563783747204 0.0593940734033525 0.0452695096572689 0.0634336845062447 0.0370386533343323 0.94027726827526 0.604363774496958 0.0302608303063032 1.77711635086041e-05 0.0701478029229351 0.0764140713322061 0.42132682648962 0.332189300019792 0.668381167904793 0.302664569361189
0.174822579479962 0.231376157742914 0.125352818561751 0.0434540613091331 -0.0284570841407294 0.0585652030642225 -0.00534414234218793 0.0914548702896345 -0.0938300589327066 0.0241640391433222 0.0661409849319629 0.0463431426941125 0.0494141566974074 0.16072299475992 0.0471190467903974 0.0363072819031424 0.0555126156468885 0.150661161074066 0.0449415891562303 0.0471766499749617 0.00972228304276849 2.98574510586823e-06 0.0129505792362401 0.787511635405985 0.547437205433445 0.110315796127372 0.923525855768167 0.545398340564608 0.0397043533674699 0.609791816988243
0.167370578302464 0.0457226419965934 0.19503232415225 0.272550578630985 0.7319200364336 -0.0235597333004261 -0.0378012136553628 0.0240103178492026 0.00724150427891479 0.260472913814022 0.179662536411224 0.0463124775916622 0.049187522437291 0.0635202374048395 0.190032812567532 0.121197707185521 0.0410627191791354 0.0529232826132236 0.048612307023289 0.179140657924004 0.354159923075802 0.326282766594708 0.000151263279924703 4.64550818701939e-05 0.000225331786937184 0.846328263670864 0.35984873758053 0.651200819656985 0.88193046595284 0.149582439484521
0.052413376819874 0.0978468896553341 0.117730329072562 0.237397816668436 0.0278532716667458 0.0174967676296402 -0.0602901246794258 0.0555754920424628 -0.140518805880407 0.208918192993846 0.0450657200964279 0.0391559555857703 0.0652093182406787 0.0476073709816538 0.0457517463062819 0.0469587749445895 0.0508635527398377 0.0418646050428545 0.0682819483495763 0.139110464079521 0.247920892708084 0.0142932211049558 0.0743899027908158 3.01342221355128e-06 0.54421346672342 0.710333148238502 0.239042037223952 0.187736649134811 0.0425227948001733 0.136684650700576
0.202212490719568 0.111385839797894 0.159317392113199 0.379750826749768 0.0827871700143983 -0.183286708990474 -0.0401463136748524 -0.0334868102803608 0.08240628919888 0.00924571339408762 0.0799935855939401 0.0592099568332043 0.0450780662174484 0.0613560987055773 0.041131915608195 0.0629964485847234 0.0517916336160588 0.0529916816516257 0.0575282865673921 0.048711272579869 0.0132201279370537 0.0631774211523516 0.000648008050120949 1.75881797752222e-08 0.0471323384050856 0.00456092586227946 0.440282618783643 0.529037334723575 0.155479828032833 0.849888240490013
0.088614561559726 0.110496012844593 0.0739285087033005 0.343447831161398 0.100232554152699 -0.00670254725116498 -0.0448161690515946 -0.0440564752200536 0.00552411912642672 -0.0357114587243087 0.0429485596570401 0.0468804204292633 0.0577571891316848 0.0371261421468603 0.0557358785980485 0.0436375984176257 0.0361346992151131 0.0518113476592588 0.0536194864375548 0.0525810161439655 0.0419673422329117 0.0205930277817884 0.203838846522375 1.03418140185069e-14 0.0754743991258094 0.878272405089066 0.218105563676328 0.397401043525767 0.918172765257669 0.498772972983954
0.0855683293533107 0.0161717073785689 0.148872382817521 0.285438234926084 -0.065151950296599 0.0707673329532037 0.0400944085024165 0.0231660240384899 0.108162215852316 -0.0162602804575069 0.0501926358233105 0.0994624128316852 0.0390836646057289 0.0590037812476976 0.0604805701198674 0.0369429891846221 0.0707391745837826 0.0374348993292427 0.101182743667795 0.0585812098066698 0.0917205509505425 0.871208954975944 0.000256140575585251 5.47638895346073e-06 0.284285336990687 0.0586289510871936 0.572282095190601 0.537605833596669 0.287969954464924 0.781987589078787
0.0412551733943003 0.12592113359149 0.0855968220640074 0.315851202572648 -0.0108180913460508 -0.0048544771584386 -0.0144411895568835 0.00130323437529413 0.0133379342210869 -0.0571227206634488 0.0604361779035416 0.045150925367311 0.0482411352202875 0.066620987379278 0.0808538511407342 0.0634042627466772 0.0474428856901959 0.0407560295398888 0.0469817320323213 0.0581506932538418 0.496597891294758 0.00645391995174668 0.0793863465822685 7.92607036251722e-06 0.893860968151564 0.939140430893972 0.76153269968893 0.974561614550303 0.777142037948118 0.32857447417776
0.0412102457094308 0.0749659932054754 0.190278264421852 0.315675608997631 -0.000740581375367222 -0.00298633815108877 0.0592610466466568 -0.0270188696426188 0.00558275920164302 -0.0412989876412684 0.0378816808083184 0.05161676518616 0.0402734037202884 0.0467542117824464 0.0386885936771134 0.050299248497989 0.0491996515092576 0.0659778023679679 0.0406945566917423 0.0554863988999588 0.279590909136301 0.149918692563411 8.56139398713273e-06 1.44363064342986e-09 0.984770586394084 0.952789380766052 0.231589240822845 0.683146032602551 0.89119295739031 0.458650711048158
-0.0159692583343193 -0.0842709721035296 0.186774030274543 0.416352489393624 0.0504090529230251 0.0666150501532322 0.122414407734494 0.0949252465281879 -0.0207995832192252 -0.13837803174449 0.0521680555350267 0.0698053168910381 0.0434720594746715 0.0557267274792693 0.0449019299372637 0.0528899204724381 0.0449570930468422 0.0510831637577392 0.041255356637351 0.0724802805058654 0.760226499879884 0.230507364894351 4.37991856804764e-05 4.94156623840144e-11 0.264573106487486 0.211105030413305 0.00777115557146768 0.0664026123821667 0.61537616252836 0.059424657589958
0.046331859584375 0.112108954065377 0.212128341356321 0.322334773771349 0.0645424329653586 -0.0839488137775376 0.0684269370628693 -0.0431689663880788 -0.028454174337714 -0.0116460649686164 0.049651234397186 0.0943995172269563 0.0430762385561835 0.0464665219619943 0.0362444842433873 0.0524062451684034 0.119932417929027 0.0509353625317386 0.0440728106483415 0.044030719559489 0.353297809097368 0.238186342243754 3.92725580445516e-06 6.46215921072674e-10 0.0784038943933898 0.112764664348948 0.569761569206613 0.399002059745072 0.52020706403531 0.792014218089796
0.173366727906817 0.132347945220247 0.151184123774725 0.238353092506796 0.100100404713749 0.0846229913463147 -0.0155669805685702 -0.0152405506555435 0.0109426150868491 -0.119335885406531 0.175895703182324 0.0719340567284329 0.0703764216474567 0.0522125488830735 0.16536108464729 0.0616115776550984 0.0452495879681594 0.0558927388792471 0.138690248090171 0.138058851909662 0.327051676982474 0.0692002997743695 0.0344755148685439 1.63172498308807e-05 0.546526058980974 0.173128651092566 0.731657743158693 0.785749237596444 0.937293617962617 0.389753910568294
-0.0236366838455005 0.0385006958494617 -0.00845887052185841 0.143785367590282 -0.000560833461564571 0.0128408784216941 -0.00516488379417077 0.0319729929056851 -0.0407505127044853 -0.0298111351166216 0.0441369078441964 0.0494073692992295 0.140611927943098 0.144709446276044 0.0453013973014954 0.0570099094604383 0.0625859114312928 0.0360144017693004 0.0376098024665355 0.0374042983243948 0.593633587305469 0.437923025164889 0.952166555517306 0.323135014932666 0.990150427146547 0.822315269641718 0.934416896967932 0.37707728184649 0.281542909186926 0.427597564451764
-0.0269825135426137 0.158415288046356 0.107579651885991 0.212714989748316 0.115985145935868 -0.0824620265787942 -0.041460251033365 0.0462691463158378 0.0320532811103044 -0.0465602540949757 0.103842811570866 0.0355843595244161 0.0706945043036187 0.0668395313529565 0.175151669323805 0.0447590044323387 0.0373789919326067 0.0586122746833009 0.0368405061982319 0.0776823134764695 0.795594173265697 2.48689485993041e-05 0.131656060664489 0.00201847043217535 0.509574613251063 0.0687907234767675 0.270372028803337 0.431993943611325 0.386637246864235 0.550467878681365
0.048875232093936 0.1215507527989 0.177348468949085 -0.483050527256696 -0.00130894840025233 -0.0328794550858423 0.0370821722072413 -0.0461546411626854 -0.00916244285506963 0.0226709691445037 0.0365429288972889 0.0522782793695522 0.0461677174012735 0.162780166481973 0.037859817485331 0.0631588070330216 0.03709882248587 0.0552229234230265 0.0362327880711466 0.0531289385021727 0.184475841016903 0.0223429284428325 0.000228868080009053 0.00385580517113884 0.972497214362369 0.60394941756199 0.320237659930395 0.405512578249309 0.800946332478498 0.670616618037494
0.0277814751038605 -0.474295836120762 0.182383607447774 0.142869767017931 0.0639413413778573 0.0679920196210453 0.0428786768047389 0.0526963908047427 -0.00013207154309725 -0.0726172134440461 0.0441828919843042 0.152057633118225 0.140797183364889 0.0662474427548296 0.0526591682524626 0.0645595102109854 0.0590903624978091 0.0570636839303869 0.0407512749733863 0.0573789050537043 0.531138233200769 0.00245968148312554 0.198621353950667 0.0337949356061354 0.227938378794586 0.295180185872316 0.470003411176336 0.358318375950694 0.997421545937593 0.20904470936841
0.00881167402170271 0.0191412634125832 0.325513678146667 0.288657037373373 -0.0753340868962615 -0.0729981770468422 0.00419608968188694 -0.0165560141221846 -0.0292402050269252 -0.024587348369669 0.0842850270939781 0.0358887460824956 0.0439071985476961 0.0470699797237464 0.0539454385464583 0.0445333072142316 0.0382265307976216 0.0476326767828342 0.0593010341989185 0.0490911359422988 0.91697120252205 0.595120744636496 6.81470090295074e-11 2.32996661272646e-08 0.166041052171809 0.104705801312125 0.912839676455998 0.72897867331233 0.623169881419985 0.617712365363587
0.085521581325195 0.0682055451936798 0.142515085678683 0.207391410291749 -0.296648755609514 0.00946613346200431 -0.00900232869628518 0.00768404384828647 -0.0232125720714915 -0.216674313537111 0.0863046851909518 0.0421971997743046 0.157617775289922 0.0516846165762844 0.151910167051297 0.0548177335336612 0.055628759247756 0.0377669468770508 0.0475495049175735 0.178506194895168 0.324469611629519 0.109638758302564 0.368396088828669 0.000126755899913398 0.0540591791003205 0.863301092800554 0.871816009503306 0.839251034952588 0.626652653283978 0.228101512802371
0.0566181191120894 0.128432684489424 0.163646760590247 0.161321858457912 -0.0238708089601071 -0.0918026650940889 0.0195000404719566 -0.027270741108828 0.0547957700244406 -0.0594712153139191 0.0313079379658282 0.045828502408635 0.0688747046908959 0.0812597908288503 0.0640274357073685 0.0540064878535194 0.0371360157902734 0.0608341637687334 0.0782990477158145 0.0457208678294717 0.073879768204096 0.00620972787983561 0.0196217021153274 0.0501598281849894 0.710157837446304 0.0926137745978916 0.600806392354492 0.655028453670659 0.485840476496161 0.196666220258437
0.0284401284590125 -0.0294805214654462 0.254308310262225 0.240275434320867 -0.0296292948363752 -0.0395186692880271 0.0130005734725768 0.0300169395494801 -0.0480040889958754 -0.0174398472652997 0.0862771209235526 0.0379391376900907 0.0472345186983372 0.0406173357325313 0.0526297018975932 0.0695105261903256 0.0495728506645476 0.0517799499834916 0.047863479798323 0.0543735937546714 0.742440256646603 0.439168228250791 5.75571464653085e-07 5.88199888463587e-08 0.574850582480393 0.571092503228806 0.79372658362106 0.563563979420453 0.318579846486276 0.749150147110228
-0.130611689192831 0.0249894331967097 0.237762017811008 0.277136622354467 -0.021340460704918 0.0213678846022279 -0.10424607568863 0.045662290171955 -0.0287521912167562 -0.0388312818356496 0.0710078763790235 0.0750133681337279 0.0506292111596718 0.0454331114909957 0.151617902258622 0.0563537142962662 0.046778368020475 0.0454895754934566 0.0542609809771336 0.0484797360043236 0.069190884096274 0.739817344733825 9.57539727514303e-06 2.69084829324036e-08 0.888384266578179 0.705461517550119 0.0283658097199494 0.318197944422137 0.597509696825332 0.425276584169555
0.00784998737087485 -0.340894362893572 0.236322005850946 0.218143707707156 0.00904653238999749 0.0313582107548468 -0.0869205188430321 0.00254108230033077 0.00764100552379176 -0.0694829406509139 0.0518595176366907 0.136722453455562 0.0874360438157878 0.0593571398370992 0.0506707311989441 0.0726901342373502 0.0757404691079573 0.0339472196727281 0.0378117028314638 0.0499155477567537 0.880026250373373 0.0145041972636068 0.00823472145627221 0.000405844482529084 0.85870809654812 0.667223855166081 0.254205125670231 0.940498937837206 0.840315042800142 0.167388192212659
0.124357597452572 0.12028765255714 0.204409596674729 0.168272452217043 0.100394377905335 0.00158155435233104 0.0571369059166098 0.0353112770351633 0.0587917180100509 -0.0385958280119475 0.0688640310781822 0.058410327848945 0.0311563552653028 0.0799076302137093 0.0404197088130463 0.0790570116340152 0.0499218973343583 0.0515887877573373 0.0735989778585302 0.0534758078948377 0.0742859994088142 0.0423493138164516 3.31477246287125e-09 0.0380032964052373 0.0148504357256558 0.984083478827766 0.255440327412729 0.495433620379681 0.426502666881739 0.472323038675585
0.216987190885225 -0.321573826967942 0.392626185568035 1.3002371185607 0.121168204137134 0.111889474271459 0.0145990134556514 0.193035276728991 -0.0938850657295498 0.0113568034197319 0.0530922408782936 0.211315160216687 0.0932326757669985 0.238015839244129 0.0589268148933157 0.101454315155657 0.0538425174777872 0.0643000332462403 0.145785353642888 0.215467296127269 9.7047461599282e-05 0.13169230372846 6.17134084784004e-05 4.39087236499616e-07 0.0427549902364824 0.273131197191074 0.786923465244148 0.00349919428692073 0.521272742162498 0.958085575709695
0.100462275914778 0.0813300209822424 0.177802318356613 0.29276778834888 -0.0444009354482254 0.0239432128638407 -0.0604799101774963 -0.0733121075749195 -0.00362564638839625 -0.0404973559158246 0.044572790813094 0.0517079415682654 0.0719670934214861 0.0559739290615053 0.050163675951231 0.0552300676431072 0.0495262798832341 0.0416197370669984 0.0468730418860221 0.0394264063172424 0.0266308666573341 0.119257298478218 0.0153724286945313 1.09246462042435e-06 0.378449929544536 0.665676022483782 0.22521179965148 0.0815541743305158 0.938516536703982 0.307096348735787
-0.0763434782310363 -0.0827315126715071 0.290894857255578 0.0711216742207583 -0.00567939681140685 -0.0298843824911173 0.0488892616655941 0.0408989966511544 -0.0522830681482669 -0.0782650887902567 0.0828884597902131 0.0508472073075452 0.0342506116606826 0.0599905921943082 0.0324486521149017 0.0348549605704743 0.0483220461603907 0.0469264776682717 0.0843296071636788 0.0591805256465397 0.359492529719904 0.107220394080494 3.8944362784296e-13 0.238921946327818 0.861451419979511 0.393505388645145 0.314375536877201 0.385770341680805 0.536834451109634 0.189359084538782
0.0183161094791095 0.0892511968083432 0.213704251803371 0.0767750123919515 -0.00837552287635399 0.00354907061514248 -0.117404218506871 -0.0278046002580199 -0.0521278975444171 -0.121623694963171 0.0469790804743879 0.0446728988878954 0.064364900629433 0.0617600520941519 0.0386077961927623 0.127133271480533 0.057940384826321 0.040639498820941 0.0387812684835292 0.042481643022383 0.69755823634331 0.0487825027597095 0.00130533659252402 0.217089376109665 0.828752686598061 0.97779153523251 0.0457284376251811 0.495641232134257 0.182315765233356 0.00523260463048437
0.105621044156521 -0.0501280542450435 0.0208150921490687 0.225561265934544 -0.000958692775088065 0.0323039290220344 0.081645373528406 -0.011708194033684 0.0942073552263151 -0.101866131826062 0.0618164977729739 0.0953680603737964 0.0759076818608213 0.0576001958610615 0.0455053358141474 0.0448207021604223 0.0754963145127627 0.0747904697899545 0.0746549834228555 0.0884648354510033 0.0909676232111416 0.60043989519694 0.784547130024041 0.000174940833940537 0.983238288522362 0.472939413822544 0.282386907263096 0.875952820146855 0.210244193286777 0.25258166563052
0.098819968723033 0.0969794964657226 -0.0827227599914929 0.259998891602051 -0.0918234618132551 -0.014480631751692 0.0715493112334453 0.0108584759276835 0.0439690579694862 -0.0815042768461209 0.062686975888829 0.0392157009104453 0.0515084515465449 0.0534786058905796 0.094187158228895 0.0455446886934636 0.0388211916327314 0.0477241801641146 0.0368076633568134 0.0754468307661162 0.118441562661082 0.01527743869546 0.111776305001352 4.9062632536828e-06 0.332220859364538 0.751264436743842 0.068613723946163 0.820531086710534 0.23539664398254 0.282900541917034
-0.137252157001816 -0.328031695486434 0.209840730357868 0.372686016384375 -0.154152904124413 -0.0665509997806237 -0.0142463644440913 -0.0344114366579391 -0.0361390891337589 0.0593638915451196 0.082300495616399 0.182578042030417 0.0613828315201743 0.0499675462950815 0.0614709361956796 0.0589033877135713 0.0481597375792817 0.0475172813931057 0.0631929857964063 0.0552198241501551 0.09889125348255 0.0757812185507089 0.000951543160818868 5.52720253995753e-11 0.0139642706702972 0.261582388207316 0.768060594383323 0.470849831869025 0.568841848600297 0.285259645684669
0.000287480989099406 0.0403531752954733 0.202741864894564 0.284964833870567 -0.029892405024011 -0.125672488560666 0.0663898234597408 0.0814996828042829 0.0358284700475379 0.0142848595767353 0.156112823201321 0.0494618677665185 0.0383805546502755 0.0443726895734524 0.0598295616994849 0.0500970434358517 0.0807936765701078 0.055601116185898 0.0549554430268542 0.042885941735542 0.998534821749397 0.416767423226869 8.96355211062516e-07 6.41563097471876e-09 0.61857139739599 0.0139331830003815 0.413431851760554 0.146229099068037 0.516110441267785 0.739850069447382
-0.0324750800155342 0.104356666562287 0.0989446215860862 0.353362386709962 -0.0792401322441316 -0.0242843859469913 -0.0416495629349333 -0.0260584739089411 -0.00353883158287346 -0.00497815680521721 0.0451433444931727 0.0591237355946126 0.0656589449545593 0.0470725758629334 0.0529952520892805 0.0798317295193591 0.0481317292579922 0.0443915616755603 0.0389841065253699 0.0445980941146499 0.473772559141192 0.0809465886549073 0.135326086645477 4.18473427239555e-11 0.138352501062333 0.761681813930042 0.389161477075611 0.55866392082245 0.927872099428126 0.911371191441181
-0.0601720289765219 0.165346821902765 0.240420958540084 0.167027046792861 -0.0392793156710327 0.495688070971557 -0.0685357368243127 -0.0290387774857679 -0.0257314647126845 -0.0977725897042166 0.165668983798507 0.0855201356303114 0.0715899031118411 0.159282563815326 0.0425070044124831 0.124551006378365 0.0610853846642385 0.195993086461108 0.0677569115391906 0.112488627564378 0.717341973977808 0.056473519170294 0.00117020608371102 0.297290609545463 0.358037031615589 0.000143571595386224 0.264999645089598 0.882561562428849 0.70505867758457 0.387169347262847
-0.0358113292278072 0.111739617806578 0.167355576964305 0.291226429114958 -0.00975650927985141 -0.0329188695073098 0.104444631798718 -0.264803056829685 0.080663240332871 -0.0172289005867386 0.0425261368069268 0.0606403415414557 0.0563228940519598 0.138482900833741 0.0641024448488565 0.0472932413207657 0.0705298619643498 0.089015761659879 0.0549711285926777 0.0454334940757455 0.401988261299734 0.0687077634677724 0.00381207206260932 0.0382906869651106 0.879372258242289 0.488205867086232 0.142176344224924 0.00377358356099318 0.145799205247966 0.705434097976502
0.0374177322413622 0.0887180551299419 0.147270456838757 0.321234291038196 0.148550846265745 0.0101437875378811 -0.0712735897218223 -0.162078471268015 0.383988903967474 0.149230048235455 0.0401652972874729 0.0687214513269505 0.0848696280653852 0.0568895554029587 0.0627084805296079 0.0562661944745515 0.0626615427227453 0.0546971134686984 0.172415303348168 0.0496685762102886 0.354095424912678 0.200091617997636 0.086196333199452 1.97373008346164e-07 0.0200284728360928 0.857345627269703 0.258442994980279 0.00391554256464261 0.0284913224021113 0.00346427847758466
0.0567609606015121 -0.213603560953645 0.186285094578292 0.34315081353613 0.0913100151996202 -0.0601279476764865 0.0762762523345955 0.0443087240152415 0.0709568430601111 -0.0398443727517218 0.138182851903455 0.124627240054875 0.0478837083626878 0.0525234182438012 0.0835357051748529 0.114687350334919 0.0370663027783353 0.0484702185407002 0.0452149330560198 0.0514509858402095 0.682253330163453 0.0901006978413528 0.000195405479635052 4.18161028902807e-09 0.277382387299571 0.60141906638494 0.0425990795595348 0.363168144765646 0.120202747409408 0.440785429530106
0.117276651317249 0.105318770235026 0.108994574496684 0.293035951824446 -0.00766699887078164 -0.0321593269023381 -0.101761254598916 -0.0152826761670407 0.109735799816971 0.0131757564272228 0.0457944551043192 0.0563062708613606 0.0458665493709197 0.0507918036480985 0.0498911179416117 0.0516445600148734 0.0402615843990605 0.0691066663192515 0.0728469824602771 0.0351165755286647 0.0121039586962868 0.0646696391439318 0.0196049963204442 1.11138413778285e-07 0.878210347037143 0.535053031586972 0.0132326403074184 0.825479560374649 0.135469628165093 0.708394135660531
0.160033680565625 0.229815808596402 0.181324690306448 0.248758453250576 -0.0692259080020743 -0.0286751901682942 -0.0349489440441832 -0.54835431828256 0.0100728447169446 -0.191089170100375 0.0607926783948333 0.0529073871325934 0.0465192664296575 0.0595955470472154 0.0545919289244387 0.0620394830134229 0.0422231590640952 0.157782104817587 0.0471447928224463 0.132791589814069 0.0100111263903706 3.73909117624056e-05 0.000189036466402147 7.0100296881124e-05 0.208120775485079 0.645072390454694 0.410068278777868 0.000794170166058157 0.831308299923014 0.153693581570099
-0.135651062629906 -0.0496517993926548 0.0889014180409605 0.27121830734661 0.03565443693449 -0.0386740720938187 -0.042785018344151 0.0726642190215009 0.0650652676656261 -0.0124853568728967 0.0580859262568012 0.116433930480914 0.0635200434145075 0.0573983113999342 0.0559737357756411 0.0476744107932569 0.0465440633614467 0.0614153421699535 0.0473157356441682 0.0364645232494497 0.0217996160540181 0.670830409855618 0.165154284700083 8.65412303968535e-06 0.525788191720737 0.419432392232163 0.360484547959053 0.239932014592613 0.172582160656847 0.73286831775417
0.173029020495087 0.0261320599002607 0.122034729565127 0.235660080364776 0.00246145311651441 -0.0630210363640067 -0.0109359597203361 -0.251436573934468 -0.0202742716732658 0.0165690395813971 0.0871893819493981 0.139812093294651 0.0856521160757115 0.0597655067378331 0.0489429502248356 0.0511197630467933 0.0604843849803156 0.156479453545867 0.0589029954797088 0.0331362906339375 0.0503492909639574 0.852167602507739 0.15780059560311 0.000162302169136287 0.960004752298261 0.220966984221161 0.856940124951033 0.111714263086105 0.731528227086488 0.618318486081247
0.025727181085033 -0.0727667071887466 0.161967340615997 0.239721668510348 -0.0929342973163945 0.00651939344902931 0.0464239126922697 -0.0704984388526376 0.0150092341858863 0.268371235223569 0.043413995948746 0.0608606570012163 0.0403688128082086 0.0412640621730257 0.043418922638397 0.05535261986758 0.0490397540317073 0.0681014748804662 0.0526450797760593 0.0900336726740967 0.554950860655861 0.235017699969256 0.000125058146564884 9.57278033974579e-08 0.0350566184283673 0.906507925231084 0.346375889144929 0.303381557911565 0.776228158747297 0.00370710610345573
0.054007904017099 0.263203039606113 0.116155775218839 0.159445015943195 0.282588955376901 -0.00835401017351554 0.0385677352409275 -0.0483914541452785 -0.000151511654261464 -0.033199880785797 0.0364205104001864 0.089646645136209 0.104513947993399 0.0873997064153908 0.131632170959375 0.0442068883934312 0.0353963931799735 0.045977160580913 0.0329623660928135 0.0386007550636855 0.141634034820605 0.00423063265861175 0.269393789681903 0.0714593809178426 0.0345282800499786 0.85054244629423 0.278833008904114 0.295414529930148 0.996342820523938 0.392053839967979
0.0834911836258735 0.0144854567717314 0.118887523699496 0.39305060719011 0.0193956438868814 -0.00817024369365599 0.0245417244447646 -0.130368301420039 0.00602427069037184 -0.0116410922499415 0.0427086275707041 0.0335627333449354 0.0708132097565381 0.139385368919723 0.0358941484153339 0.104624080480016 0.0472728668151369 0.0367558706422684 0.0392286798981404 0.0627150730021062 0.0537686647317563 0.667092453108737 0.0967213158309572 0.00593497807546626 0.590316052797959 0.937932618685885 0.604959137809485 0.000627478364098061 0.878301966631956 0.853170940616065
0.0975126718441 0.0679281141863966 0.230823861955884 0.257666227862381 -0.0282646967446936 0.0308802131834111 0.018853680497007 0.0129887666529607 0.0301919638935828 -0.0193932009105979 0.049613684045949 0.0516510132520717 0.0624733804707046 0.0665036387213696 0.0372411739175627 0.0495165473982502 0.0449380194457755 0.0329717538664855 0.0656069305222793 0.0558964647877645 0.052481356035617 0.191842522188894 0.000379593790367693 0.000203845965464912 0.449879713916014 0.534462922160448 0.675826287721407 0.694570417106504 0.646498808492153 0.729448954750006
