Average Estimates for Betas: 
0.034977 0.06105322 0.1437928 0.1995442 -0.0002344425
-0.008038083 0.0021914 -0.00529371 0.0009073864 -0.005050231
0.01357167 0.006987109 0.01049742 0.0126869 -0.0006888753
0.00297064 0.009898936 0.0007710567 0.004074934 0.003945513
-0.001614753 0.01083316 0.0001445287 -0.004388672 -0.005472686
-0.000365104 -0.02594226 -0.009624483 0.002452707 0.005950067
Positive rate for exposures: 
0.12 0.35 0.69 0.8 0.05
0.02 0.09 0.03 0.05 0.09
0.09 0.07 0.04 0.05 0.04
0.04 0.03 0.03 0.08 0.07
0.04 0.07 0.06 0.06 0.03
0.05 0.09 0.04 0.04 0.04
Standard Deviations of Betas: 
0.08496033 0.1098341 0.1054852 0.1457761 0.08035243
0.07415772 0.09409718 0.09910168 0.06078481 0.103372
0.09293876 0.08465499 0.06314067 0.07876226 0.07458664
0.07371375 0.1028402 0.07821262 0.07999394 0.0899684
0.06261781 0.0872884 0.09580296 0.08288975 0.09324744
0.08279771 0.09051653 0.08908177 0.07634487 0.08239843
Average StdErrors for Betas: 
0.06743222 0.08350242 0.06963742 0.07091324 0.07067718
0.06893609 0.06921061 0.07641366 0.06885542 0.07681172
0.07214058 0.06903248 0.06858765 0.07279807 0.07409512
0.07192283 0.07800921 0.06954321 0.06767392 0.07135395
0.0644674 0.072032 0.07219272 0.07255149 0.07432924
0.06816535 0.07296938 0.07196904 0.06895003 0.07575081
Q-value positive rate for exposures: 
0.01 0.11 0.53 0.69 0
0.01 0.01 0.01 0.01 0
0.01 0 0 0 0
0 0.01 0 0.03 0.01
0 0.02 0 0.01 0.02
0 0.02 0.02 0 0
Precision/Recall/F1 based on p-values:
0.5850746 0.49 0.5333333
Precision/Recall/F1 based on Q-values:
0.875817 0.335 0.4846293
Power at FPR threshold of 0.05: 
0.11 0.33 0.68 0.8
