Average Estimates for Betas: 
0.0463602 0.08183016 0.1809202 0.2622885 0.0009368061
0.007572002 -0.003101853 0.01028265 -0.01710893 0.01244945
-0.002125474 -0.0002778522 0.0003127714 0.007334187 0.01470366
-0.001719239 0.01149712 0.005685274 0.01802297 0.007008124
-0.002759859 -0.008014039 0.002171509 -0.004775212 -0.004591748
0.001414411 -0.01415305 -0.01364935 0.01531566 0.009461438
Positive rate for exposures: 
0.15 0.22 0.78 0.9 0.08
0.02 0.08 0.05 0.05 0.06
0.03 0.11 0.07 0.05 0.03
0.06 0.07 0.05 0.08 0.08
0.06 0.06 0.04 0.07 0.04
0.15 0.08 0.08 0.07 0.05
Standard Deviations of Betas: 
0.07464525 0.08143836 0.07641223 0.0838932 0.0875677
0.06948112 0.07630795 0.07071122 0.067428 0.0784948
0.0822231 0.09610554 0.08733453 0.08464375 0.07380215
0.08062557 0.08892789 0.07035602 0.1006028 0.08787333
0.08140251 0.07827303 0.07151523 0.08314878 0.07286607
0.1103694 0.09008737 0.07639556 0.08087668 0.08497983
Average StdErrors for Betas: 
0.06538853 0.07187619 0.066767 0.07023769 0.07023318
0.06684283 0.06484069 0.06790675 0.06724206 0.06915281
0.07065447 0.06843741 0.06899582 0.07001148 0.06797985
0.06612479 0.0730979 0.06866885 0.07055814 0.0665941
0.06748204 0.06911422 0.06729661 0.06707747 0.06901365
0.06595654 0.06754037 0.06529923 0.07046141 0.0724091
Q-value positive rate for exposures: 
0.01 0.07 0.48 0.7 0.02
0 0 0 0 0.02
0.02 0.06 0.02 0.01 0.01
0.02 0 0.01 0.05 0.02
0.01 0.02 0.01 0.01 0
0.02 0.03 0.01 0 0.02
Precision/Recall/F1 based on p-values:
0.5510753 0.5125 0.5310881
Precision/Recall/F1 based on Q-values:
0.7636364 0.315 0.4460177
Power at FPR threshold of 0.05: 
0.1 0.2 0.74 0.87
