Average Estimates for Betas: 
0.03897158 0.08415636 0.1793588 0.2615782 -0.00486615
0.001917369 0.000629601 0.01008536 -0.01014388 0.01246439
0.003411726 1.196963e-05 0.002367055 0.00928312 0.003753189
-0.0022801 0.004770498 0.00547319 0.01313728 0.01290876
-0.003347986 -0.003218575 0.0004641494 -0.003383005 0.001452093
0.0008599147 -0.01324 -0.0118255 0.01033943 0.01785592
Positive rate for exposures: 
0.16 0.42 0.86 0.96 0.12
0.05 0.08 0.09 0.07 0.11
0.08 0.14 0.15 0.13 0.09
0.1 0.11 0.09 0.14 0.08
0.11 0.11 0.09 0.15 0.07
0.12 0.13 0.12 0.11 0.12
Standard Deviations of Betas: 
0.05918996 0.07779934 0.06780648 0.07318155 0.07975655
0.05795342 0.06193241 0.06389175 0.05654677 0.07011406
0.07729608 0.07626106 0.06939946 0.08320408 0.07029136
0.06963368 0.07899701 0.06520837 0.08266733 0.07608084
0.06669734 0.0728348 0.0681368 0.07068111 0.06645479
0.08269373 0.07973294 0.07439606 0.07401964 0.07616655
Average StdErrors for Betas: 
0.05198372 0.0572253 0.05163852 0.05347021 0.05583119
0.05357522 0.0516251 0.05370854 0.05379258 0.05540062
0.05708608 0.05490222 0.05504006 0.05599483 0.05501462
0.05349549 0.05824195 0.05500389 0.05598746 0.05266716
0.05305072 0.05472475 0.05466995 0.05328523 0.05529357
0.05153965 0.05348823 0.05242377 0.05647933 0.05826614
Q-value positive rate for exposures: 
0.06 0.17 0.7 0.87 0.02
0 0.01 0.01 0 0
0.01 0.04 0 0.04 0.03
0.03 0.02 0.02 0.04 0.04
0.04 0.02 0.01 0.02 0.03
0.03 0.04 0.05 0.04 0.02
Precision/Recall/F1 based on p-values:
0.4651163 0.6 0.5240175
Precision/Recall/F1 based on Q-values:
0.746888 0.45 0.5616225
Power at FPR threshold of 0.05: 
0.08 0.24 0.79 0.92
