Average Estimates for Betas: 
0.0395321 0.05107638 0.1399763 0.2036916 0.001150105
-0.008493994 -0.001100297 -0.01211177 -0.002306295 -0.00362196
0.01097276 0.005153372 0.01186539 0.008633444 0.00264163
0.009183853 0.01372665 0.004686276 -0.002405056 -0.007223456
-0.00468207 0.005849609 0.004506192 -0.004263368 -0.0009766536
-0.005968705 -0.01396118 -0.01010187 0.01010095 0.01051253
Positive rate for exposures: 
0.06 0.22 0.62 0.73 0.02
0.03 0.04 0.04 0.05 0.04
0.07 0.04 0.03 0.03 0.01
0.05 0.05 0.03 0.06 0.03
0.02 0.07 0.05 0.06 0.06
0.02 0.07 0.05 0.04 0.05
Standard Deviations of Betas: 
0.102488 0.1323389 0.1420897 0.1532466 0.09118132
0.09760262 0.113109 0.1135371 0.08306658 0.1098135
0.1110219 0.09154075 0.08568057 0.09724176 0.0949943
0.09100691 0.1128921 0.09802671 0.09298227 0.1030438
0.08118611 0.1099621 0.1121148 0.1008379 0.1308327
0.09396723 0.1076835 0.09237685 0.1016632 0.1146971
Average StdErrors for Betas: 
0.08241125 0.09810544 0.08528517 0.08803656 0.08660553
0.08342056 0.08296208 0.09065714 0.08413742 0.09068607
0.0869415 0.08409793 0.08396343 0.08823336 0.08856859
0.08583588 0.09296159 0.08411994 0.0837255 0.08533676
0.08002812 0.08664576 0.08504429 0.08677605 0.08895705
0.08289368 0.08814528 0.0847417 0.08411406 0.09085508
Q-value positive rate for exposures: 
0 0.07 0.31 0.52 0
0 0.01 0.02 0 0.01
0 0 0 0 0
0.01 0 0 0 0
0 0.01 0 0 0.01
0 0 0.02 0 0.01
Precision/Recall/F1 based on p-values:
0.5948905 0.4075 0.4836795
Precision/Recall/F1 based on Q-values:
0.9 0.225 0.36
Power at FPR threshold of 0.05: 
0.06 0.25 0.62 0.74
