Average Estimates for Betas: 
-0.004292823 0.0002042509 0.004258571 -0.001259411 -0.002197272
-0.001801174 0.0007226613 -0.001340994 0.0009551393 0.01575249
0.005388546 0.006204276 -0.00729246 0.01309769 0.00450841
0.0001713804 0.003791917 -0.01564394 -0.004398732 0.002364237
0.005994658 -0.005286537 0.01315512 -0.00224029 -0.004122695
0.003337361 -0.00208392 -0.002713723 -0.003709988 0.007519366
Positive rate for exposures: 
0.07 0.11 0.01 0.08 0.06
0.06 0.05 0.06 0.07 0.06
0.04 0.04 0.08 0.07 0.06
0.06 0.04 0.1 0.04 0.02
0.06 0.07 0.1 0.09 0.06
0.06 0.05 0.09 0.03 0.08
Standard Deviations of Betas: 
0.08604341 0.08434876 0.0591037 0.07142506 0.06878325
0.06786744 0.0646115 0.0708 0.07375761 0.07156159
0.06706653 0.07711947 0.0988212 0.0794756 0.07575767
0.06750999 0.06543175 0.08120802 0.06279551 0.06433424
0.08330084 0.07268045 0.1025636 0.0792562 0.08019236
0.07657072 0.06966042 0.101332 0.06929448 0.0825576
Average StdErrors for Betas: 
0.06180287 0.06239801 0.0618026 0.06122472 0.05843569
0.06355018 0.06615903 0.06115958 0.0632091 0.06454446
0.06400393 0.0628787 0.06713334 0.06689677 0.06365297
0.06447086 0.06368463 0.06169067 0.06321186 0.06230778
0.06476482 0.06134643 0.06521972 0.063623 0.06235875
0.06368105 0.06207734 0.06539673 0.0637616 0.06567514
Q-value positive rate for exposures: 
0.01 0.03 0 0 0
0 0 0 0.01 0
0.01 0.02 0.02 0.01 0.01
0 0 0.01 0 0
0.01 0 0.03 0.01 0.01
0 0.03 0.03 0.01 0
Precision/Recall/F1 based on p-values:
0.144385 0.0675 0.09199319
Precision/Recall/F1 based on Q-values:
0.1538462 0.01 0.01877934
Power at FPR threshold of 0.05: 
0.07 0.09 0 0.07
