Average Estimates for Betas: 
-0.0119987 -0.002964356 0.00355438 0.0003940642 3.849156e-06
0.002755745 -0.003392695 -0.003826364 -0.003932054 0.0009391095
-0.01041326 -0.0004660819 -0.01715833 0.01094008 0.002580068
-0.006398078 0.0005218841 -0.003878285 0.004856495 -0.007514679
0.002730726 -0.008314057 0.005062201 0.0002333199 -0.002652209
0.009080692 -0.003739971 0.001820578 0.003901809 0.002890415
Positive rate for exposures: 
0.09 0.06 0.04 0.07 0.06
0.04 0.06 0.06 0.08 0.07
0.02 0.05 0.06 0.05 0.04
0.03 0.06 0.07 0.03 0.07
0.04 0.05 0.08 0.08 0.06
0.06 0.05 0.11 0.05 0.03
Standard Deviations of Betas: 
0.087184 0.09108685 0.07756616 0.07376795 0.08890651
0.0747908 0.0750679 0.07387067 0.07492721 0.08383473
0.06357064 0.06667462 0.09264674 0.09542532 0.06138833
0.07740844 0.07504753 0.0736387 0.07492052 0.06758664
0.08051774 0.07761418 0.09698401 0.07255458 0.0842223
0.07823771 0.07425323 0.09515048 0.07427872 0.06655527
Average StdErrors for Betas: 
0.06588588 0.06829586 0.06242631 0.06767156 0.06173638
0.06707078 0.06702756 0.06511487 0.06030419 0.06214858
0.06379064 0.06341524 0.07263327 0.06999022 0.05918961
0.06708777 0.06729149 0.06399933 0.06599507 0.06441021
0.06697929 0.07074892 0.06850751 0.06614132 0.06819444
0.06883333 0.06270442 0.06498689 0.06686769 0.063124
Q-value positive rate for exposures: 
0.01 0 0 0 0
0 0 0 0.02 0.01
0 0 0 0.01 0
0 0 0 0 0
0 0.01 0.01 0 0
0 0.01 0 0 0
Precision/Recall/F1 based on p-values:
0.1511628 0.065 0.09090909
Precision/Recall/F1 based on Q-values:
0.125 0.0025 0.004901961
Power at FPR threshold of 0.05: 
0.07 0.06 0.04 0.07
