Average Estimates for Betas: 
-0.005760223 -0.002503184 0.003241025 -0.00634427 0.001254736
-0.001389289 0.0002243355 -0.006591259 0.002179162 0.005466446
0.001268374 0.004059079 -0.003514698 0.01109169 -3.334033e-05
-0.001206543 0.007627405 -0.005847785 -0.00249319 0.0005756628
0.003693023 -0.002736857 0.01309336 -0.00507836 -0.003830393
0.00954672 0.002217785 -0.001326483 -0.001251466 0.00590487
Positive rate for exposures: 
0.12 0.18 0.05 0.07 0.09
0.11 0.05 0.14 0.1 0.09
0.03 0.13 0.07 0.11 0.13
0.08 0.06 0.17 0.08 0.08
0.06 0.07 0.14 0.09 0.07
0.11 0.06 0.16 0.06 0.07
Standard Deviations of Betas: 
0.07271062 0.07203104 0.05306005 0.05920718 0.0540165
0.06067071 0.05815796 0.06567365 0.06435546 0.05865542
0.05149693 0.06201675 0.07405235 0.0702073 0.06885729
0.05989128 0.05313054 0.06598228 0.06048452 0.05693437
0.0687648 0.05999225 0.1006888 0.05896156 0.06167073
0.06693294 0.05916355 0.08168151 0.06472843 0.06128548
Average StdErrors for Betas: 
0.04819957 0.04846542 0.0485916 0.04780848 0.04519506
0.04952799 0.05170615 0.04770093 0.04934742 0.05011708
0.05013186 0.04924306 0.05314876 0.05242667 0.04939772
0.05078753 0.04908481 0.04775571 0.0491658 0.04814195
0.05056812 0.04834721 0.05094023 0.04900016 0.04859434
0.05058397 0.0482995 0.05050503 0.04958317 0.05169257
Q-value positive rate for exposures: 
0.03 0.03 0 0.02 0
0.02 0 0.03 0.02 0.01
0 0 0.02 0.02 0.02
0 0.02 0.01 0.01 0
0.02 0.01 0.05 0.02 0
0.01 0.03 0.05 0.01 0
Precision/Recall/F1 based on p-values:
0.1484099 0.105 0.1229868
Precision/Recall/F1 based on Q-values:
0.173913 0.02 0.03587444
Power at FPR threshold of 0.05: 
0.06 0.08 0.02 0.06
