Average Estimates for Betas: 
-0.01143776 -0.002208888 0.005531666 0.002260143 0.00602122
0.004459771 -0.003259476 -0.005950552 0.000644926 0.006939358
-0.007851638 -0.001937509 -0.01936222 0.007941995 0.002648867
-0.007118921 8.660937e-05 -0.008086537 0.004026387 0.001022456
0.0002768308 -0.002721809 0.004039057 0.002677956 -0.004420873
0.003614149 0.002478779 0.008173431 -0.003853149 0.0003893199
Positive rate for exposures: 
0.05 0.04 0.04 0.05 0.02
0.04 0.03 0.04 0.04 0.04
0.02 0.04 0.08 0.03 0.02
0.02 0.02 0.02 0.02 0.04
0.02 0.01 0.06 0.05 0.05
0.04 0.04 0.08 0.01 0.06
Standard Deviations of Betas: 
0.09812102 0.1036347 0.1033879 0.08842028 0.1051357
0.09321457 0.09754486 0.09781339 0.08556569 0.09962526
0.08114146 0.09178477 0.1194252 0.1131919 0.07171686
0.09477009 0.07246664 0.07540856 0.09150493 0.08978346
0.0769987 0.09065322 0.1154958 0.09190917 0.09467715
0.1023366 0.08480559 0.1220533 0.07646389 0.09748031
Average StdErrors for Betas: 
0.08134605 0.08288207 0.07653359 0.08214008 0.07588521
0.08270662 0.08222806 0.08108185 0.07550747 0.07741283
0.07953724 0.07869736 0.08735206 0.08551971 0.07548607
0.08150473 0.08288057 0.07890282 0.08084721 0.07904349
0.08260467 0.08545996 0.08489594 0.08161931 0.08349739
0.08384874 0.07771147 0.08126295 0.08239484 0.07859549
Q-value positive rate for exposures: 
0.01 0 0 0 0
0 0 0.01 0 0.01
0 0 0 0.01 0
0 0 0 0 0
0 0 0.01 0 0
0 0.01 0.01 0 0
Precision/Recall/F1 based on p-values:
0.1607143 0.045 0.0703125
Precision/Recall/F1 based on Q-values:
0.1428571 0.0025 0.004914005
Power at FPR threshold of 0.05: 
0.07 0.05 0.07 0.06
