Average Estimates for Betas: 
0.01761574 0.09464064 0.1663042 0.2406716 -0.0003496977
0.002578655 -0.0196344 -0.007650135 0.007581069 -0.0205674
0.01571628 -0.003326035 0.007287455 -0.007518052 -0.00550019
0.01871095 -0.003845744 0.009426509 -0.005711738 0.004588254
-0.007353007 0.008543504 0.002717306 -0.01262012 -0.006054218
0.00471816 -0.00349212 -0.007118941 0.01319421 -0.01884089
0.004279451 0.01834601 -0.005630853 -0.007870983 -0.003531845
-0.007704567 0.005211625 -0.002117054 0.01779624 0.005085008
-0.002963446 -0.02164416 0.007317715 0.003868535 -0.0008493291
0.005989122 -0.001258505 -0.008080692 0.007240094 0.008164561
-0.009636683 0.006508734 -0.004170712 -0.01165945 0.01016146
0.009506045 -0.02192953 0.009199908 -0.003856935 -0.00363168
Positive rate for exposures: 
0.03030303 0.1515152 0.5353535 0.7070707 0.05050505
0.01010101 0.02020202 0.01010101 0.03030303 0.04040404
0.01010101 0.05050505 0.01010101 0.07070707 0.05050505
0.05050505 0.04040404 0.03030303 0.03030303 0.06060606
0.06060606 0.03030303 0.05050505 0.03030303 0.01010101
0.04040404 0.03030303 0.02020202 0.02020202 0.06060606
0.02020202 0.03030303 0.01010101 0.04040404 0.02020202
0.02020202 0.03030303 0.03030303 0.05050505 0
0.02020202 0.03030303 0.01010101 0.02020202 0.03030303
0.04040404 0.02020202 0.01010101 0 0.03030303
0.05050505 0.01010101 0.01010101 0.01010101 0.03030303
0.03030303 0.03030303 0.06060606 0.01010101 0.03030303
Standard Deviations of Betas: 
0.09881144 0.09460147 0.1100146 0.105457 0.1019566
0.08711018 0.09671076 0.08980521 0.1107956 0.1108198
0.09578015 0.1093205 0.08883418 0.1125179 0.101887
0.1086065 0.1006474 0.09465107 0.09156749 0.1040715
0.09702796 0.09000712 0.1025439 0.08353089 0.07652701
0.1008813 0.08723906 0.08414223 0.09860163 0.1122405
0.09500694 0.08631999 0.08205506 0.09444954 0.09440346
0.09287992 0.09187866 0.1076099 0.09886905 0.09247037
0.083475 0.09957947 0.08542825 0.09590796 0.09021511
0.09357993 0.08524816 0.08234328 0.08063667 0.09476989
0.1081347 0.0924026 0.09324357 0.07701532 0.08685754
0.08924372 0.1016405 0.09498934 0.1069413 0.1004785
Average StdErrors for Betas: 
0.09286504 0.09575352 0.09518839 0.0969391 0.09658176
0.09397462 0.09835453 0.09314868 0.09756041 0.097216
0.0981102 0.09893766 0.09951212 0.09902827 0.09514918
0.09672676 0.09487572 0.09515488 0.0982035 0.09535974
0.09669524 0.1007808 0.100256 0.09648169 0.09831459
0.09455125 0.0938181 0.09235841 0.09651623 0.0930625
0.09575331 0.09152339 0.09570334 0.09609943 0.09485484
0.09545129 0.0945037 0.09271774 0.09287557 0.09565565
0.0943743 0.09959752 0.09287415 0.09167301 0.09354824
0.0980125 0.09536988 0.09959436 0.09625466 0.0909893
0.09683812 0.0969573 0.0988669 0.0932138 0.09469296
0.09324109 0.100642 0.09637533 0.09664769 0.09720137
Q-value positive rate for exposures: 
0 0 0.1212121 0.3131313 0
0 0 0 0.01010101 0
0 0 0 0 0
0 0 0 0 0
0 0 0 0 0
0 0 0 0 0
0 0 0 0 0
0 0 0 0 0
0 0 0 0 0
0 0 0 0 0
0 0 0 0 0
0 0 0 0 0
Precision/Recall/F1 based on p-values:
0.4622951 0.3560606 0.4022825
Precision/Recall/F1 based on Q-values:
0.9772727 0.1085859 0.1954545
Power at FPR threshold of 0.05: 
0.1010101 0.2323232 0.6060606 0.7474747
