Average Estimates for Betas: 
-0.01382146 0.08485907 0.1275003 0.174749 0.006343095
-0.02465962 -0.01710477 -0.009344762 0.02474156 -0.005661086
0.007691983 -0.01512066 -0.0007012397 -0.00972343 -0.05834629
0.0187715 -0.03429945 0.03220009 -0.003882857 -0.003476455
0.006049395 -0.0332649 0.03804926 -0.01753092 -0.01495933
0.01460269 -0.004577 0.0009965093 0.004873129 0.008689556
0.008002972 0.0230002 -0.002523262 0.002320709 0.004322247
0.05776646 0.001131626 -0.001144843 -0.0130549 0.01037774
0.02912167 -0.008942979 -0.0007610859 0.0410564 -0.000346827
0.01517976 -0.02948584 -0.01320805 -0.007889079 0.02341371
-0.03134465 0.006623356 0.02022073 -0.0139678 0.0184434
0.023766 -0.01182935 -0.007963642 0.01955444 0.002539553
Positive rate for exposures: 
0.02020202 0.06060606 0.2020202 0.3232323 0.05050505
0.06060606 0.02020202 0.05050505 0.02020202 0.07070707
0.01010101 0.01010101 0.02020202 0.02020202 0.05050505
0.01010101 0.01010101 0.02020202 0.04040404 0.03030303
0.04040404 0.01010101 0.06060606 0.04040404 0.01010101
0.03030303 0.03030303 0 0.06060606 0.03030303
0.03030303 0.02020202 0.02020202 0.01010101 0.05050505
0.02020202 0.04040404 0.03030303 0.01010101 0.02020202
0.04040404 0 0.04040404 0.03030303 0.02020202
0.02020202 0.03030303 0.03030303 0.03030303 0.02020202
0.01010101 0.05050505 0.01010101 0.02020202 0.04040404
0.01010101 0.03030303 0.04040404 0.05050505 0.05050505
Standard Deviations of Betas: 
0.1845729 0.1659542 0.247237 0.1982577 0.2007081
0.2201425 0.171785 0.1983671 0.1915526 0.218743
0.2028546 0.1742228 0.1608179 0.2013492 0.2010827
0.2033649 0.1807419 0.1677181 0.1726341 0.1891558
0.1447797 0.2091221 0.215794 0.2012314 0.1722588
0.1694916 0.1933156 0.1395966 0.2092991 0.1806624
0.1876524 0.1591035 0.1788048 0.1719167 0.1848286
0.2124321 0.1837808 0.1904958 0.1753128 0.1798662
0.1919376 0.1312044 0.2116969 0.2031756 0.178453
0.1918378 0.1658325 0.2068891 0.2056866 0.1905337
0.2010209 0.2040667 0.1748723 0.1834365 0.1922936
0.1667467 0.1928505 0.2019995 0.2104831 0.1847519
Average StdErrors for Betas: 
0.1757826 0.1711498 0.1750945 0.1709667 0.1773501
0.1736808 0.1686991 0.1621916 0.1800668 0.1705868
0.1718167 0.1722952 0.1659712 0.1773725 0.1755472
0.1858423 0.184941 0.1754418 0.1624377 0.1706099
0.1568019 0.1785832 0.1761087 0.1669959 0.1708829
0.1687385 0.1753925 0.1805271 0.1752822 0.1617464
0.1690919 0.1645268 0.1794772 0.1751469 0.1683658
0.1735366 0.1735311 0.163716 0.173895 0.1821468
0.1655378 0.1597812 0.1694289 0.1746919 0.1729508
0.1753469 0.176726 0.1792917 0.1775022 0.1711553
0.1714176 0.1694953 0.1795987 0.1705462 0.1790002
0.1623492 0.1725726 0.1815272 0.1742669 0.1753232
Q-value positive rate for exposures: 
0 0 0.01010101 0.06060606 0
0 0 0 0 0
0.01010101 0 0 0 0
0 0 0 0 0
0 0 0 0 0
0 0 0 0 0
0 0 0 0 0
0 0 0 0 0
0 0 0 0 0
0 0 0 0 0
0 0 0 0 0
0 0 0 0 0
Precision/Recall/F1 based on p-values:
0.2702703 0.1515152 0.1941748
Precision/Recall/F1 based on Q-values:
0.875 0.01767677 0.03465347
Power at FPR threshold of 0.05: 
0.04040404 0.07070707 0.2727273 0.4242424
