Average Estimates for Betas: 
0.1295099 0.811458 5.594912 9.129749 0.0124915
0.01123183 0.01277008 0.01134465 0.008516833 0.01780806
0.02035493 0.004445287 0.005897894 0.01596951 0.01568844
0.01357358 0.01344655 0.006785371 0.006457248 0.01538794
0.01548122 0.01465711 0.00429535 0.00805843 0.01265251
0.01121961 0.03609755 0.01183343 0.01395255 0.01686413
0.01040207 0.01957436 0.005232186 0.01239295 0.01474847
0.008822029 0.005870263 0.009771375 0.0108011 0.00873731
0.004898392 0.006611836 0.01031339 0.009830972 0.01107638
0.01001171 0.006763524 0.007510133 0.01410479 0.07421727
0.01904712 0.01427524 0.008364885 0.0131851 0.0183518
0.007392671 0.009456882 0.02900119 0.003825306 0.008129797
Standard Deviations of Betas: 
0.623776 1.547023 3.566317 3.651239 0.04469181
0.04610545 0.05646333 0.04054474 0.03358211 0.06882288
0.0941859 0.01404429 0.02799477 0.0586609 0.08074031
0.05371105 0.05362061 0.02990816 0.01990777 0.0691009
0.0591964 0.0511659 0.009634136 0.03003135 0.04793121
0.03023147 0.2107455 0.04518736 0.06691619 0.08009518
0.03402647 0.07399431 0.01314517 0.05467946 0.05350505
0.04397258 0.01410831 0.06065873 0.04021825 0.02159105
0.01232593 0.01813674 0.02968812 0.03305906 0.03079085
0.03539777 0.01586205 0.02414722 0.0888999 0.5903292
0.07550273 0.08379982 0.03031163 0.07327785 0.07017916
0.01621483 0.0370351 0.1475197 0.008314057 0.02616785
Average StdErrors for Betas: 
10.19546 12.37681 11.46369 11.8313 8.302627
8.434994 8.046556 8.235143 7.857879 8.743317
7.964244 7.497961 7.857131 8.30542 8.365551
8.098448 8.600933 7.903627 7.938744 8.120622
8.170666 8.171069 7.507945 7.898553 7.928711
8.446773 8.330898 8.108881 8.609629 8.346216
8.273942 8.419458 8.241724 8.259679 8.249892
7.999177 7.86773 7.847672 8.036457 8.088851
8.056059 7.990877 7.989678 8.274181 8.582125
8.358916 8.105858 7.6948 8.162144 8.346221
7.985041 7.830522 8.601575 8.067534 8.379237
8.294799 7.982589 8.10404 7.577064 8.17308
Calibration results: 
Pct. correct for pips in bin from 0 to 0.1: 0.0280908928251923; n=5589
Pct. correct for pips in bin from 0.1 to 0.2: 0.254545454545455; n=110
Pct. correct for pips in bin from 0.2 to 0.3: 0.5; n=42
Pct. correct for pips in bin from 0.3 to 0.4: 0.846153846153846; n=13
Pct. correct for pips in bin from 0.4 to 0.5: 1; n=5
Pct. correct for pips in bin from 0.5 to 0.6: 1; n=1
Pct. correct for pips in bin from 0.6 to 0.7: 1; n=2
No pips in bin from 0.7 to 0.8
Pct. correct for pips in bin from 0.8 to 0.9: 1; n=2
Pct. correct for pips in bin from 0.9 to 1: 0.960227272727273; n=176
Average PIPs: 
0.04068178 0.1918631 0.766514 0.9332656 0.01472676
0.01549788 0.01514374 0.01336735 0.01120562 0.02120798
0.0141289 0.01967112 0.01447208 0.01847875 0.01584937
0.01345342 0.0261879 0.01362873 0.02022611 0.01604727
0.01499514 0.01659388 0.01052266 0.01190215 0.02335741
0.02245897 0.02002185 0.01376173 0.01456945 0.0172501
0.01297372 0.01755915 0.01314763 0.01274551 0.01419783
0.01354535 0.01184556 0.01320127 0.0159521 0.01279825
0.01172339 0.01094949 0.01325093 0.01387365 0.01740495
0.01501359 0.01047332 0.009817272 0.01345864 0.02832858
0.01575821 0.01522525 0.01457397 0.01585202 0.02609537
0.01314693 0.01273181 0.01759071 0.0108245 0.01329647
Percent of time PIP >= 0.1: 
0.08080808 0.4646465 0.8989899 0.969697 0.01010101
0.02020202 0.03030303 0.02020202 0.01010101 0.04040404
0.03030303 0.02020202 0.03030303 0.03030303 0.03030303
0.01010101 0.03030303 0.02020202 0.01010101 0.02020202
0.02020202 0.03030303 0.01010101 0.02020202 0.05050505
0.01010101 0.03030303 0 0.01010101 0.04040404
0.01010101 0.03030303 0.01010101 0.01010101 0.02020202
0.02020202 0.01010101 0.02020202 0.03030303 0
0 0 0.01010101 0.01010101 0.04040404
0.03030303 0 0 0.01010101 0.06060606
0.04040404 0.02020202 0.02020202 0.03030303 0.03030303
0.01010101 0.02020202 0.03030303 0.01010101 0.01010101
Percent of time PIP >= 0.5: 
0.01010101 0.1010101 0.7272727 0.9191919 0
0 0 0 0 0
0 0.01010101 0 0 0
0 0.01010101 0 0.01010101 0
0 0 0 0 0.01010101
0.01010101 0 0 0 0
0 0 0 0 0
0 0 0 0 0
0 0 0 0 0
0 0 0 0 0.01010101
0 0 0 0 0.01010101
0 0 0 0 0
Percent of time PIP >= 0.95: 
0.01010101 0.07070707 0.6767677 0.9191919 0
0 0 0 0 0
0 0.01010101 0 0 0
0 0.01010101 0 0.01010101 0
0 0 0 0 0.01010101
0 0 0 0 0
0 0 0 0 0
0 0 0 0 0
0 0 0 0 0
0 0 0 0 0.01010101
0 0 0 0 0.01010101
0 0 0 0 0
Power at FPR threshold of 0.05: 
0.1818182 0.6262626 0.9191919 0.979798
