Average Estimates for Betas: 
0.02018971 0.09145031 0.1580275 0.2403607 -0.007408208
0.0009677668 -0.0145649 -0.003600369 0.00345388 -0.01170582
0.009711528 -0.008893408 -0.008505044 -0.01545985 -0.004659774
0.01467239 -0.007207848 0.01021734 -0.01374299 -0.007880647
-0.004057802 0.006506882 0.001685191 -0.006997244 -0.004977586
0.006591496 -0.004371189 -0.00324847 0.01888998 -0.01243474
0.008700028 0.006042481 -0.004812278 0.0009091028 -0.005301249
-0.001916535 0.008455092 -0.005480439 0.01441639 0.002770604
-0.0006680104 -0.009049248 0.01664944 0.003670513 0.002164656
0.001734073 -0.004708615 0.0004378047 -0.002896218 0.01428945
-0.007036649 -0.0003352032 -0.003685339 -0.01458637 0.001637064
0.0117923 -0.01637609 0.01159448 -0.007928093 -0.003945346
Positive rate for exposures: 
0.09090909 0.2727273 0.6969697 0.8484848 0.05050505
0.01010101 0.04040404 0.03030303 0.1010101 0.1010101
0.04040404 0.08080808 0.06060606 0.09090909 0.07070707
0.06060606 0.07070707 0.06060606 0.06060606 0.08080808
0.05050505 0.05050505 0.04040404 0.03030303 0.05050505
0.06060606 0.07070707 0.06060606 0.03030303 0.09090909
0.03030303 0.03030303 0.06060606 0.08080808 0.04040404
0.04040404 0.08080808 0.03030303 0.07070707 0.05050505
0.03030303 0.05050505 0.08080808 0.06060606 0.05050505
0.07070707 0.01010101 0.02020202 0.01010101 0.09090909
0.08080808 0.03030303 0.03030303 0.04040404 0.05050505
0.04040404 0.04040404 0.09090909 0.05050505 0.08080808
Standard Deviations of Betas: 
0.0829631 0.07805379 0.1021922 0.08353006 0.08637736
0.06792647 0.07571798 0.07858393 0.09015804 0.09771278
0.07997958 0.08587031 0.08549388 0.1074941 0.0828776
0.08606401 0.08336558 0.08321437 0.0822124 0.08123602
0.07654305 0.07995007 0.09492919 0.07018041 0.07301168
0.08870549 0.07858344 0.07477993 0.07507065 0.1037155
0.07943819 0.07078767 0.08232762 0.08007955 0.07677919
0.08158484 0.07618397 0.07867933 0.08880204 0.07952302
0.07478759 0.07399607 0.08982233 0.07746008 0.0724961
0.07683251 0.07450077 0.07420496 0.06643553 0.07834149
0.08670489 0.07334553 0.07060601 0.07439508 0.07264701
0.0746992 0.09678548 0.08337266 0.08135354 0.08627753
Average StdErrors for Betas: 
0.06980888 0.07148728 0.07133778 0.07100379 0.07291764
0.07037318 0.07367032 0.06953403 0.07300355 0.07366525
0.07442512 0.07421286 0.07455635 0.07607505 0.0703472
0.07279512 0.07118244 0.07126254 0.07431104 0.07117151
0.07276933 0.07566788 0.07603537 0.072465 0.07314078
0.07052483 0.06967828 0.06915745 0.07272299 0.06993772
0.07218968 0.06757994 0.0714235 0.07202559 0.07053885
0.07110129 0.07061432 0.06886796 0.0696635 0.07163638
0.07033652 0.07510154 0.06959508 0.06868166 0.07021238
0.07442512 0.07181514 0.0758807 0.07242806 0.06754619
0.07261728 0.07289532 0.07448759 0.07013149 0.07123705
0.06931229 0.07718095 0.07228271 0.07349228 0.07300473
Q-value positive rate for exposures: 
0 0.03030303 0.2828283 0.5454545 0
0.01010101 0 0.01010101 0.01010101 0.02020202
0.01010101 0.01010101 0.01010101 0.02020202 0
0 0 0.01010101 0 0
0 0.01010101 0 0 0
0 0 0.01010101 0 0.02020202
0 0 0.01010101 0.01010101 0
0 0 0.01010101 0.02020202 0.01010101
0 0 0.01010101 0 0.01010101
0 0 0 0 0
0.01010101 0 0 0 0.01010101
0 0.01010101 0.01010101 0 0
Precision/Recall/F1 based on p-values:
0.3833671 0.4772727 0.4251969
Precision/Recall/F1 based on Q-values:
0.7589286 0.2146465 0.3346457
Power at FPR threshold of 0.05: 
0.08080808 0.2525253 0.6969697 0.8484848
