Average Estimates for Betas: 
0.0008978885 0.08478639 0.1270419 0.1854594 0.00908181
-0.01826442 -0.01322419 5.353895e-05 0.02435917 -0.01170944
0.01742906 -0.000390897 -0.002920163 -0.01725108 -0.02765906
0.01756848 -0.01080811 0.01165505 -0.01034624 -0.01417827
0.004530853 -0.01372952 0.02721096 -0.01473782 -0.02247675
0.006786281 0.0003596533 0.00543962 0.01326766 -0.001742796
0.02068419 0.01665648 -0.002590488 0.004289416 -0.01546068
0.02879003 0.002705978 -0.009155401 0.001566487 0.00495249
0.01954981 -0.009625598 -0.00736633 0.01050749 -0.004837406
0.02834245 -0.02092539 -0.02070708 0.0009500779 0.02574127
-0.01447343 0.0133981 0.007113626 0.001511633 0.02375172
0.007371411 -0.01340815 -0.007018381 -0.00105026 0.004784535
Positive rate for exposures: 
0.02020202 0.1212121 0.3535354 0.4949495 0.04040404
0.04040404 0.04040404 0.04040404 0.08080808 0.06060606
0.03030303 0.02020202 0.02020202 0.05050505 0.04040404
0.04040404 0 0.03030303 0.06060606 0.03030303
0.03030303 0.04040404 0.04040404 0.05050505 0.02020202
0.04040404 0.03030303 0.02020202 0.04040404 0.07070707
0.02020202 0.02020202 0.01010101 0.06060606 0.02020202
0.04040404 0.03030303 0.03030303 0.04040404 0.03030303
0.02020202 0.02020202 0.04040404 0.01010101 0.02020202
0.06060606 0.03030303 0.04040404 0.03030303 0.03030303
0.03030303 0.01010101 0.02020202 0.03030303 0.02020202
0.01010101 0.04040404 0.02020202 0.08080808 0.03030303
Standard Deviations of Betas: 
0.1439241 0.129678 0.2075376 0.1747778 0.1513683
0.1637396 0.148587 0.1511451 0.1589136 0.1918075
0.1616454 0.1428672 0.1187401 0.1651318 0.1455062
0.1573731 0.149612 0.1331357 0.1492217 0.1397056
0.1139843 0.1588911 0.1708864 0.1874403 0.1615889
0.1495583 0.150542 0.1300416 0.1699081 0.1579887
0.1538372 0.1210644 0.1549909 0.1579933 0.1546721
0.1535761 0.1662169 0.1393871 0.1415754 0.1401686
0.1352491 0.1171524 0.1653073 0.1455888 0.1426343
0.1674886 0.1436181 0.1680157 0.1635764 0.1664532
0.1483154 0.1497923 0.1447801 0.1451534 0.1485413
0.1338085 0.1679698 0.1701285 0.1789779 0.1580966
Average StdErrors for Betas: 
0.1470806 0.1380794 0.144818 0.1352609 0.1433588
0.1429158 0.1352832 0.1310228 0.1488071 0.1393381
0.138177 0.1416065 0.1296931 0.1436557 0.1413064
0.158595 0.1520094 0.1420274 0.1312513 0.1397788
0.1242573 0.1462628 0.1444462 0.1344423 0.1379169
0.1370784 0.1447363 0.1508719 0.1404695 0.1312816
0.1364873 0.1318181 0.1470361 0.1406213 0.1360706
0.1407731 0.1409025 0.1338661 0.1415484 0.1522508
0.1320647 0.1243059 0.1393383 0.1454249 0.1425227
0.144368 0.1438704 0.1466575 0.1449568 0.1395307
0.1368464 0.1394274 0.1447062 0.1375308 0.148704
0.1310637 0.1412225 0.1496794 0.1422545 0.1448265
Q-value positive rate for exposures: 
0 0.01010101 0.07070707 0.2525253 0
0 0 0 0 0.01010101
0 0 0 0 0
0 0 0 0 0
0 0 0 0 0
0 0 0 0 0
0 0 0 0 0
0 0 0 0.01010101 0
0 0 0 0 0.01010101
0 0 0 0 0
0 0 0 0 0
0 0 0 0 0
Precision/Recall/F1 based on p-values:
0.3414634 0.2474747 0.2869693
Precision/Recall/F1 based on Q-values:
0.9166667 0.08333333 0.1527778
Power at FPR threshold of 0.05: 
0.02020202 0.1414141 0.4040404 0.5555556
