Average Estimates for Betas: 
0.01294468 0.02656463 0.05715166 0.09086829 -0.0004614847
6.67297e-05 0.001445098 -0.0004092048 0.0009971818 -0.001705417
0.0009063753 0.002756112 0.001521838 0.00117531 -0.000765792
0.001953449 0.002928224 0.005322212 0.004018387 -0.002551293
0.001446186 0.0001113408 -0.005390915 -0.001513907 -0.0006227051
0.00441723 0.001970837 -0.003656507 0.003818411 -0.001963384
Positive rate for exposures: 
0.23 0.44 0.72 0.9 0.19
0.18 0.17 0.12 0.15 0.2
0.21 0.23 0.15 0.21 0.11
0.13 0.16 0.13 0.12 0.13
0.13 0.21 0.2 0.18 0.16
0.17 0.15 0.21 0.2 0.13
Standard Deviations of Betas: 
0.02651674 0.03168209 0.03460829 0.03945401 0.02787802
0.02595563 0.02398687 0.02568578 0.02585606 0.0266367
0.0265243 0.02923 0.02677248 0.02805487 0.02239453
0.02566229 0.02599929 0.02745266 0.02322293 0.0257445
0.02481105 0.02829712 0.02856486 0.0268788 0.02619603
0.02750651 0.02690268 0.02933654 0.02609958 0.0242672
Average StdErrors for Betas: 
0.0182949 0.01847861 0.01833694 0.01836431 0.01832626
0.01838093 0.01847145 0.01836163 0.01849538 0.0184548
0.0183592 0.01826216 0.01851787 0.01826188 0.01858497
0.01864689 0.01834422 0.01830444 0.01831753 0.01837184
0.0182612 0.01824161 0.01861001 0.01831233 0.01864021
0.01866104 0.0184076 0.01827063 0.01836998 0.01836647
Q-value positive rate for exposures: 
0.1 0.23 0.58 0.84 0.07
0.06 0.03 0.06 0.05 0.08
0.08 0.1 0.09 0.08 0.04
0.04 0.06 0.06 0.04 0.06
0.04 0.07 0.05 0.05 0.05
0.06 0.06 0.09 0.06 0.03
Precision/Recall/F1 based on p-values:
0.3459215 0.5725 0.4312618
Precision/Recall/F1 based on Q-values:
0.5287009 0.4375 0.4787962
Power at FPR threshold of 0.05: 
0.09 0.21 0.57 0.85
