Average Estimates for Betas: 
0.01754305 0.03272065 0.05178442 0.07056186 0.002069294
0.0001266242 -0.0004345052 -0.001135669 0.001528207 0.0008131453
-0.001917446 0.001505465 0.0004373622 0.002695912 4.266923e-05
0.001709255 0.002634973 0.003236419 0.0008759785 -0.002193783
-0.001626154 -0.0007560522 -0.002512643 0.00190005 0.0007452013
0.003992232 0.003485935 -0.001901851 0.0001288009 -0.002050208
Positive rate for exposures: 
0.13 0.33 0.61 0.73 0.09
0.13 0.05 0.09 0.05 0.08
0.13 0.1 0.08 0.13 0.1
0.08 0.11 0.09 0.1 0.08
0.14 0.13 0.06 0.16 0.05
0.11 0.12 0.06 0.12 0.08
Standard Deviations of Betas: 
0.02593891 0.0301543 0.03161445 0.03794575 0.02480851
0.02689483 0.02399934 0.02598847 0.02447282 0.02502548
0.02810756 0.02632771 0.02538107 0.02759381 0.02461681
0.02362543 0.02424189 0.02498649 0.0254213 0.02568707
0.02731022 0.02613598 0.02494569 0.03107308 0.02314304
0.02855066 0.0270575 0.02310961 0.02628899 0.02160208
Average StdErrors for Betas: 
0.02162833 0.02201875 0.02266302 0.02320607 0.02149814
0.02157541 0.02160777 0.02159611 0.02168676 0.02168889
0.02156008 0.02144247 0.02174776 0.02141879 0.02166823
0.0219079 0.02159015 0.02149494 0.02151616 0.02166069
0.02152389 0.02142425 0.02172472 0.02152132 0.02172382
0.02183199 0.02157187 0.02151601 0.02158542 0.02152914
Q-value positive rate for exposures: 
0.06 0.16 0.31 0.5 0.01
0.01 0.02 0.01 0.01 0.02
0.02 0.02 0.01 0.02 0.01
0.01 0 0.03 0.02 0.01
0.01 0.02 0.02 0.04 0.02
0.02 0.01 0.01 0.01 0.02
Precision/Recall/F1 based on p-values:
0.4166667 0.45 0.4326923
Precision/Recall/F1 based on Q-values:
0.7152778 0.2575 0.3786765
Power at FPR threshold of 0.05: 
0.11 0.27 0.52 0.64
