Average Estimates for Betas: 
0.01759459 0.03765488 0.05321215 0.0810946 0.001275121
-0.0004723451 -0.0009081318 -0.003544228 0.003268027 0.00216949
-0.003268702 0.003762167 0.004852448 -0.0001429646 0.0007366728
0.003218658 0.003130401 0.003882249 0.0008488896 -0.003019721
-0.00198684 -0.0001357251 -0.001475393 -0.00052147 0.004711587
0.00108539 0.001418542 -0.004324317 0.001189927 -0.003633286
Positive rate for exposures: 
0.23 0.47 0.62 0.78 0.14
0.22 0.17 0.2 0.19 0.16
0.21 0.22 0.22 0.19 0.2
0.19 0.19 0.19 0.12 0.11
0.24 0.22 0.16 0.23 0.17
0.31 0.26 0.18 0.17 0.19
Standard Deviations of Betas: 
0.03301815 0.03837744 0.03857768 0.0465451 0.03110682
0.0339824 0.03278615 0.0322518 0.03061365 0.03143079
0.03498536 0.03327643 0.03414843 0.03264907 0.03077477
0.03088361 0.03415515 0.03442096 0.03222198 0.02835209
0.03868437 0.03260044 0.03450489 0.03653561 0.03420217
0.03833009 0.03633907 0.03351856 0.03223652 0.03353654
Average StdErrors for Betas: 
0.02127729 0.02153689 0.0224002 0.02278213 0.02113888
0.02111859 0.0214562 0.02121007 0.02129038 0.0213091
0.02129672 0.02097435 0.02134706 0.02117564 0.02134997
0.02149744 0.02119141 0.02121458 0.02124174 0.02131635
0.02116194 0.02108726 0.02129559 0.02110768 0.02121077
0.02148145 0.02124025 0.02110554 0.02127251 0.02115255
Q-value positive rate for exposures: 
0.13 0.29 0.39 0.62 0.04
0.1 0.09 0.09 0.07 0.07
0.1 0.1 0.08 0.11 0.08
0.07 0.12 0.07 0.07 0.05
0.16 0.09 0.08 0.14 0.09
0.16 0.09 0.1 0.04 0.09
Precision/Recall/F1 based on p-values:
0.2937063 0.525 0.3766816
Precision/Recall/F1 based on Q-values:
0.3783069 0.3575 0.3676093
Power at FPR threshold of 0.05: 
0.1 0.22 0.27 0.53
