Average Estimates for Betas: 
0.01281453 0.03251912 0.05971729 0.1016914 0.0002993997
0.0005390974 0.002686984 -0.003738411 0.003132663 0.0004317337
-4.856947e-07 0.00559331 0.005367427 0.0003911467 0.0004101268
0.005044812 0.002096361 0.006095328 0.005059972 -0.004506207
0.001895016 0.0004147176 -0.00433327 -0.005275625 0.001233218
0.001429037 -0.0009016878 -0.007002421 0.006383165 -0.003775267
Positive rate for exposures: 
0.26 0.52 0.76 0.92 0.24
0.22 0.22 0.28 0.31 0.27
0.27 0.32 0.26 0.32 0.2
0.23 0.28 0.26 0.24 0.2
0.29 0.33 0.3 0.28 0.23
0.35 0.29 0.34 0.18 0.34
Standard Deviations of Betas: 
0.03818961 0.03975258 0.0397186 0.041444 0.03373181
0.03194331 0.03311115 0.03430584 0.03230349 0.03011831
0.03382786 0.0350715 0.03444424 0.03443963 0.03071747
0.03196469 0.0361789 0.03682079 0.03175642 0.03081545
0.03830803 0.03286985 0.03938836 0.03236956 0.03437681
0.03824727 0.0386623 0.04017813 0.02871584 0.03779977
Average StdErrors for Betas: 
0.01800211 0.01808474 0.01813738 0.01798289 0.01795744
0.01801871 0.01828776 0.01797947 0.01816561 0.01812818
0.01808529 0.01782034 0.01816028 0.01806027 0.01824246
0.01820467 0.01799659 0.01801843 0.01808453 0.01803205
0.01789039 0.01794194 0.01816097 0.0178939 0.01812076
0.01826528 0.01808862 0.01787501 0.0180831 0.01797065
Q-value positive rate for exposures: 
0.2 0.34 0.64 0.91 0.18
0.18 0.12 0.22 0.19 0.14
0.18 0.2 0.17 0.21 0.12
0.13 0.21 0.18 0.16 0.14
0.17 0.16 0.22 0.17 0.13
0.25 0.21 0.24 0.13 0.18
Precision/Recall/F1 based on p-values:
0.2586751 0.615 0.3641747
Precision/Recall/F1 based on Q-values:
0.3128743 0.5225 0.3913858
Power at FPR threshold of 0.05: 
0.06 0.18 0.4 0.77
