Average Estimates for Betas: 
0.0389455 0.06659556 0.1588061 0.2106181 -0.005648403
-0.01569515 -0.003748681 -0.001361966 -0.002804172 -5.694589e-05
0.006790297 -0.006310539 -0.003753011 4.275901e-05 -0.005757325
0.01289733 -0.007360743 0.002909046 -0.003538956 0.002857188
-0.002340006 -0.001999555 -0.01130473 0.005977039 -0.006240788
-0.001821191 0.008062237 0.0120422 -0.01872752 -0.006269363
Positive rate for exposures: 
0.08 0.27 0.54 0.76 0.05
0.03 0.07 0.07 0.12 0.05
0.02 0.05 0.06 0.03 0.07
0.05 0.04 0.11 0.05 0.05
0.05 0.03 0.05 0.06 0.07
0.08 0.05 0.06 0.05 0.08
Standard Deviations of Betas: 
0.0994812 0.114909 0.1151976 0.12418 0.09686926
0.113828 0.08961177 0.1241716 0.1058764 0.0965558
0.1019858 0.07038711 0.08607589 0.08965321 0.1082372
0.09353716 0.07953093 0.1027725 0.1142105 0.08906993
0.08327055 0.09488372 0.1274168 0.09641218 0.0931681
0.1086408 0.1049721 0.100831 0.1040259 0.09295227
Average StdErrors for Betas: 
0.0828218 0.08669916 0.08902885 0.07785887 0.0820838
0.08855786 0.07722016 0.09162434 0.08692888 0.08802036
0.08283945 0.07720815 0.08655807 0.08402317 0.09396458
0.08089503 0.07813205 0.08368939 0.08414264 0.09078309
0.08602149 0.08751627 0.09569004 0.08491925 0.09055195
0.08845658 0.08459644 0.08332496 0.08485349 0.07830006
Q-value positive rate for exposures: 
0.01 0.07 0.36 0.64 0.01
0.01 0 0.02 0.02 0.01
0 0.01 0.01 0 0.01
0.01 0 0.02 0.01 0.01
0 0.01 0.01 0 0.03
0 0.01 0.02 0.01 0
Precision/Recall/F1 based on p-values:
0.5238095 0.4125 0.4615385
Precision/Recall/F1 based on Q-values:
0.8181818 0.27 0.406015
Power at FPR threshold of 0.05: 
0.08 0.26 0.53 0.76
