Average Estimates for Betas: 
0.04062226 0.07399764 0.179975 0.2486021 0.00267885
-0.003563227 -0.007080783 0.00193392 -0.01278955 -0.00231511
-0.0003634362 -0.0006131012 -0.01277328 -0.002583446 -0.002944214
0.003686521 -0.003585655 -0.006812234 -0.006900986 -0.005536802
0.005413219 0.008314266 0.01320693 0.003616494 -0.002849702
-0.01232572 0.007510529 -0.00382203 -0.005711971 -0.002022917
Positive rate for exposures: 
0.09 0.24 0.75 0.85 0.04
0.03 0.01 0.03 0.03 0.06
0.02 0.06 0.04 0.02 0.03
0.03 0.03 0.03 0.03 0.02
0.01 0.03 0.06 0.02 0.04
0.03 0.04 0.04 0.06 0.04
Standard Deviations of Betas: 
0.05657501 0.0655219 0.07225795 0.07794154 0.06601012
0.06685559 0.06199182 0.07074376 0.06483655 0.06257597
0.06718578 0.06282402 0.06746634 0.06918866 0.06486894
0.05629138 0.06620931 0.06695282 0.05916163 0.06013341
0.06030337 0.06603928 0.08305551 0.05730536 0.06718819
0.07163603 0.06958736 0.0682532 0.07402271 0.06305914
Average StdErrors for Betas: 
0.06384365 0.06568456 0.06746919 0.06954586 0.0657046
0.06704972 0.06410721 0.0667438 0.06715713 0.06277013
0.06407675 0.06401138 0.06487364 0.06711573 0.068096
0.06706912 0.06556677 0.06633676 0.06639952 0.06491859
0.06705579 0.06790781 0.06852304 0.06456473 0.07009588
0.07029705 0.06725392 0.06771784 0.06590992 0.06215279
Q-value positive rate for exposures: 
0.01 0.03 0.47 0.7 0
0.01 0 0.01 0 0
0 0 0 0.01 0
0 0 0.01 0 0
0 0 0 0 0
0.01 0 0 0.01 0
Precision/Recall/F1 based on p-values:
0.6868327 0.4825 0.5668135
Precision/Recall/F1 based on Q-values:
0.9527559 0.3025 0.459203
Power at FPR threshold of 0.05: 
0.13 0.33 0.77 0.89
