Average Estimates for Betas: 
0.0382746 0.07515423 0.1729931 0.2440213 -0.0001002978
0.0002025832 -0.003322298 -0.0007566107 -0.009306908 -0.003676881
0.003885742 0.0004904603 -0.006479983 -0.004467927 -0.008879794
0.001460807 -0.0005264882 -0.003727281 -0.005122456 -0.003085311
0.008147067 -0.006014569 0.004046692 0.008951202 -0.004534787
-0.001745777 0.008575918 0.005997395 -0.01366783 -0.002761279
Positive rate for exposures: 
0.14 0.27 0.72 0.88 0.04
0.03 0.02 0.07 0.15 0.05
0.03 0.06 0.09 0.04 0.05
0.02 0.02 0.08 0.08 0.05
0.05 0.08 0.09 0.04 0.07
0.08 0.07 0.06 0.08 0.07
Standard Deviations of Betas: 
0.05728049 0.06542777 0.06876457 0.07129689 0.06287434
0.06363141 0.05832543 0.07477714 0.07073985 0.06485467
0.06193314 0.05782015 0.06982799 0.06037789 0.07951194
0.05661657 0.06463253 0.06997557 0.07068773 0.05424316
0.06119253 0.06877592 0.07330249 0.05570346 0.07184385
0.07279149 0.06587307 0.07269532 0.07407544 0.05698509
Average StdErrors for Betas: 
0.05788071 0.05974179 0.06042335 0.06042734 0.05944076
0.06196042 0.05878967 0.06090705 0.06149958 0.05754798
0.05795371 0.05799603 0.0586152 0.06061967 0.06246135
0.06108036 0.06010746 0.06179428 0.06071409 0.05974002
0.06043935 0.06145228 0.06240229 0.05978251 0.06397054
0.06388626 0.06175131 0.06168744 0.06042587 0.05601007
Q-value positive rate for exposures: 
0.02 0.12 0.56 0.75 0.01
0 0 0.02 0.01 0.01
0 0.01 0 0 0.03
0 0.01 0.03 0.01 0
0.01 0.01 0.01 0 0.03
0 0.02 0.03 0.02 0
Precision/Recall/F1 based on p-values:
0.5614525 0.5025 0.530343
Precision/Recall/F1 based on Q-values:
0.8430233 0.3625 0.506993
Power at FPR threshold of 0.05: 
0.11 0.26 0.68 0.88
