Average Estimates for Betas: 
0.04328012 0.06728537 0.1506836 0.2155676 0.005715335
-0.004879634 -0.007318323 0.004834437 -0.008331586 -0.007713287
0.0004918206 -0.003745514 -0.005570876 0.00345127 -0.009428203
0.01326058 -0.02343933 -0.005273524 0.002304364 0.01276137
-0.01246547 0.00962262 -0.01164548 -0.01232059 -0.001311944
-0.01847343 0.007073521 0.003861709 -0.01701171 -8.551978e-05
Positive rate for exposures: 
0.06 0.21 0.54 0.75 0.01
0.03 0.05 0.05 0.06 0.03
0.01 0.05 0.04 0.02 0.01
0.01 0.03 0.08 0.04 0.03
0.06 0.05 0.11 0.03 0.04
0.04 0.1 0.05 0.04 0.03
Standard Deviations of Betas: 
0.09534035 0.1259516 0.1284625 0.1369672 0.08990703
0.1109803 0.08374604 0.1058404 0.1084081 0.1104442
0.1019819 0.09251962 0.09133475 0.0958005 0.09450464
0.07717627 0.1077131 0.1165258 0.1204397 0.1000457
0.109083 0.1123375 0.1260763 0.09398515 0.09849133
0.09920995 0.1341002 0.09829321 0.1025817 0.08754371
Average StdErrors for Betas: 
0.08544125 0.08806189 0.09184561 0.08516565 0.08587107
0.091296 0.08051569 0.09317761 0.08970279 0.08890215
0.08623944 0.08148471 0.08828705 0.08814803 0.09465913
0.08500843 0.08209359 0.08637849 0.0861967 0.0923284
0.09021479 0.09019187 0.097182 0.08805766 0.09406362
0.09212218 0.08842285 0.08687194 0.08880316 0.08117692
Q-value positive rate for exposures: 
0.01 0.05 0.23 0.57 0
0.01 0 0 0 0
0 0 0 0 0
0 0 0.01 0.01 0
0 0 0 0 0
0.01 0.01 0 0 0
Precision/Recall/F1 based on p-values:
0.5864662 0.39 0.4684685
Precision/Recall/F1 based on Q-values:
0.9450549 0.215 0.3503055
Power at FPR threshold of 0.05: 
0.06 0.23 0.55 0.77
