Average Estimates for Betas: 
0.04722389 0.06159693 0.1363228 0.2094342 -0.01849575
0.01016173 0.007003131 -0.003091117 0.0005296658 0.001605215
-0.002132903 0.00393508 -0.006346256 -0.005294544 -0.009073499
-0.004933833 -0.01293539 -0.0009390024 -0.005578235 -0.002390301
0.01019873 -0.01276673 -0.01007501 0.009047796 -0.006734627
0.01133668 -0.0005238543 0.0001326497 -0.003789673 0.02343455
Positive rate for exposures: 
0.08 0.19 0.57 0.7 0.07
0.02 0.04 0.01 0.03 0.02
0.02 0.05 0.08 0.04 0.04
0.06 0.05 0.04 0.05 0.04
0.05 0.01 0.02 0.03 0.06
0.03 0.03 0.04 0.02 0.01
Standard Deviations of Betas: 
0.07966946 0.09717231 0.1286521 0.1304628 0.112787
0.08500891 0.08967906 0.09283247 0.09337031 0.08183826
0.08957111 0.1119416 0.1118491 0.09422599 0.1063922
0.1046023 0.09459276 0.0923476 0.09410311 0.1208037
0.09495475 0.09210721 0.09900172 0.09146375 0.09889403
0.10379 0.07349828 0.09149289 0.08201971 0.07723009
Average StdErrors for Betas: 
0.08314038 0.08769663 0.09273296 0.09113995 0.08553228
0.08399461 0.08383587 0.08002005 0.0754755 0.07750135
0.08936314 0.08613922 0.0858429 0.07935302 0.08744828
0.08503218 0.08115636 0.08149074 0.08625446 0.09114981
0.08065133 0.08471915 0.08427788 0.08397471 0.08101415
0.08530687 0.08113841 0.08353332 0.08316328 0.08265512
Q-value positive rate for exposures: 
0.02 0.02 0.34 0.48 0.01
0 0 0 0.01 0
0 0 0 0 0
0 0 0 0 0
0 0 0 0.01 0
0 0 0 0 0
Precision/Recall/F1 based on p-values:
0.616 0.385 0.4738462
Precision/Recall/F1 based on Q-values:
0.9662921 0.215 0.3517382
Power at FPR threshold of 0.05: 
0.14 0.2 0.58 0.75
