Average Estimates for Betas: 
0.04750202 0.08291614 0.1760505 0.247233 -0.01082966
0.01245881 0.0007236734 -0.006293936 0.001680772 0.008747886
-0.0001496876 -7.300852e-05 -0.001219333 0.0108433 -0.002739326
0.005053881 -0.006813885 0.002376207 -0.003931082 -0.001593107
0.0006377466 -0.01482527 -0.006354733 0.003711784 0.002094527
-0.0007836616 -0.001088514 -0.01399673 0.001114257 0.004874106
Positive rate for exposures: 
0.15 0.27 0.78 0.9 0.05
0.04 0.04 0.05 0.03 0.05
0.07 0.01 0.03 0.03 0.03
0.05 0.02 0.05 0.05 0.05
0.05 0.07 0.03 0.02 0.03
0.04 0.05 0.07 0.04 0
Standard Deviations of Betas: 
0.06970376 0.07796143 0.07089255 0.07749492 0.07176899
0.06555356 0.07382392 0.07900552 0.06238644 0.06716972
0.0821613 0.06060213 0.07124785 0.05984946 0.05776351
0.06945886 0.06543765 0.06826908 0.06614023 0.07550993
0.06449273 0.06877244 0.05917167 0.06539638 0.07251393
0.06650256 0.07461846 0.08270505 0.06492954 0.05228987
Average StdErrors for Betas: 
0.06520298 0.0668431 0.06694935 0.0695168 0.06578443
0.06386109 0.06815262 0.06337017 0.06333768 0.06092213
0.07141397 0.06570573 0.06516915 0.06149934 0.06377597
0.0651095 0.06524484 0.06789071 0.06321787 0.06558653
0.06387404 0.06366084 0.06379762 0.062853 0.06417605
0.0616916 0.065193 0.06609073 0.06483502 0.06245135
Q-value positive rate for exposures: 
0.03 0.03 0.51 0.66 0
0 0.01 0 0 0.01
0 0 0 0 0
0.01 0.01 0 0 0
0 0 0 0 0.01
0 0 0.01 0 0
Precision/Recall/F1 based on p-values:
0.6666667 0.525 0.5874126
Precision/Recall/F1 based on Q-values:
0.9534884 0.3075 0.4650284
Power at FPR threshold of 0.05: 
0.15 0.3 0.79 0.92
