Average Estimates for Betas: 
0.05008249 0.07210243 0.1722443 0.2454014 -0.006897653
0.009237552 0.001213419 -0.005732562 -0.0008547311 0.001376121
-0.004934771 -0.001646111 -0.002074438 0.01011103 0.004715847
0.001427126 -0.00241711 -0.0005984787 -0.002232362 -0.005911114
0.004282829 -0.006685241 -0.003600443 0.001095504 0.001297416
-0.002985905 0.002219672 -0.005764559 -0.0001333363 0.0008196469
Positive rate for exposures: 
0.24 0.43 0.87 0.95 0.07
0.08 0.05 0.09 0.05 0.05
0.05 0.07 0.1 0.03 0.08
0.07 0.11 0.09 0.11 0.09
0.11 0.07 0.04 0.06 0.09
0.09 0.08 0.11 0.08 0.05
Standard Deviations of Betas: 
0.05869323 0.06031046 0.05627483 0.06581171 0.05859755
0.05634854 0.06217873 0.06733888 0.05658982 0.05042307
0.05852093 0.05250163 0.0574862 0.04682931 0.05352846
0.05837893 0.06181936 0.06547187 0.06060928 0.06387547
0.06127612 0.05470676 0.05013385 0.05135086 0.06645124
0.0574623 0.0609661 0.06760533 0.05706711 0.04597258
Average StdErrors for Betas: 
0.05011055 0.05001529 0.04926274 0.05052894 0.04985251
0.04805067 0.05214964 0.04830092 0.04825197 0.04575082
0.05572156 0.04949211 0.04960677 0.04625675 0.0476948
0.04945384 0.04944906 0.05192282 0.04791079 0.04984076
0.04879119 0.04869897 0.04838291 0.04735062 0.04877414
0.04725077 0.05011449 0.05000825 0.04982511 0.04780192
Q-value positive rate for exposures: 
0.06 0.2 0.72 0.85 0.02
0 0.01 0 0 0
0 0 0.02 0.01 0.01
0.02 0.02 0.01 0.03 0.02
0.02 0.01 0.01 0 0.02
0.03 0.01 0.04 0.01 0
Precision/Recall/F1 based on p-values:
0.558296 0.6225 0.5886525
Precision/Recall/F1 based on Q-values:
0.8511628 0.4575 0.595122
Power at FPR threshold of 0.05: 
0.18 0.38 0.86 0.95
