Average Estimates for Betas: 
0.05361423 0.05685119 0.1291995 0.2107013 -0.01451894
0.009118149 0.005584299 -0.001227015 0.004010683 -0.00663738
-0.00780149 0.004938392 -0.005938024 0.001016236 0.0006658647
0.0002692544 -0.008906446 -0.002227368 -0.01038264 -0.001676549
0.007564898 -0.008924812 -0.01006739 0.003613808 -0.00709348
0.01109664 -0.0009629624 -0.005975567 -0.005733244 0.01072089
Positive rate for exposures: 
0.15 0.31 0.66 0.78 0.06
0.06 0.03 0.04 0.08 0.03
0.05 0.06 0.05 0.08 0.07
0.07 0.07 0.05 0.06 0.05
0.08 0.03 0.02 0.03 0.06
0.04 0.04 0.07 0.07 0.05
Standard Deviations of Betas: 
0.0656562 0.08038067 0.115367 0.1131186 0.08381296
0.08301996 0.07450947 0.07207976 0.07624704 0.06125646
0.07165181 0.08723611 0.08584719 0.07247555 0.09659212
0.08283217 0.09267946 0.07179207 0.0774522 0.1043371
0.07832612 0.08482273 0.07577537 0.06615137 0.08413731
0.08495642 0.07309764 0.07368983 0.07923901 0.06799398
Average StdErrors for Betas: 
0.06709396 0.07055469 0.07693586 0.07106135 0.06913399
0.06830534 0.06708801 0.06414752 0.05890535 0.06086323
0.07284404 0.06941005 0.07029041 0.06363997 0.07109787
0.0687555 0.06434309 0.0645116 0.07046744 0.07616118
0.06479148 0.06896647 0.0676995 0.06722858 0.06491294
0.06898297 0.06394605 0.06668061 0.06606701 0.06728848
Q-value positive rate for exposures: 
0.05 0.12 0.5 0.63 0
0.01 0 0 0 0
0 0 0 0.01 0
0.03 0.01 0 0.01 0.01
0 0 0 0.01 0.02
0.01 0 0.01 0 0
Precision/Recall/F1 based on p-values:
0.5757576 0.475 0.5205479
Precision/Recall/F1 based on Q-values:
0.9090909 0.325 0.4788214
Power at FPR threshold of 0.05: 
0.13 0.31 0.66 0.77
