Average Estimates for Betas: 
0.05879004 0.07406479 0.1438939 0.1857667 -0.0009452285
-0.001996567 -0.001600539 -0.002707383 -0.006866429 0.00199655
0.006494661 -0.00635244 -0.0105098 0.009778359 0.01256093
-0.002870658 -0.005975631 -0.0128445 -0.001958229 -0.001391932
0.004732042 -0.006945302 0.01093122 -0.005679165 -0.00809061
-0.00979763 -0.002319476 0.01059277 0.008983577 -1.558697e-05
Positive rate for exposures: 
0.12 0.26 0.5 0.69 0.04
0.04 0.01 0.04 0.02 0.04
0.06 0.03 0.05 0.02 0.03
0.01 0.01 0.07 0.03 0.02
0.02 0.03 0.06 0.03 0.05
0.03 0.02 0.05 0.04 0.02
Standard Deviations of Betas: 
0.1021984 0.08839979 0.09216026 0.1570988 0.07655668
0.1014749 0.08913108 0.07802925 0.09221145 0.09386509
0.100249 0.09528142 0.1052979 0.08682557 0.09891064
0.09305965 0.07483099 0.09855518 0.08129774 0.09365415
0.07674927 0.08994362 0.1100194 0.09427244 0.09971581
0.08267656 0.09130193 0.1044805 0.09335476 0.08159405
Average StdErrors for Betas: 
0.07988778 0.0756038 0.08431017 0.09176932 0.07796329
0.08636643 0.07868717 0.08089713 0.08431189 0.07945567
0.08508504 0.07959172 0.08633233 0.08471584 0.08632012
0.08417594 0.0766807 0.08032435 0.07965704 0.08380464
0.0766081 0.08738554 0.08482508 0.08813738 0.08390771
0.07923831 0.08338819 0.08489365 0.08506666 0.0824614
Q-value positive rate for exposures: 
0 0.04 0.22 0.45 0
0 0 0 0 0.01
0 0 0 0 0
0 0 0 0 0
0 0 0.01 0 0
0 0 0 0 0
Precision/Recall/F1 based on p-values:
0.6434426 0.3925 0.4875776
Precision/Recall/F1 based on Q-values:
0.9726027 0.1775 0.3002114
Power at FPR threshold of 0.05: 
0.13 0.27 0.59 0.7
