Average Estimates for Betas: 
0.04481258 0.08025349 0.1620178 0.242906 0.00133054
-0.001652008 0.004307727 0.004189041 0.005135015 0.0002242554
0.0137637 0.004067519 -0.0008130808 -0.0006344512 0.002583337
0.0005588774 -0.002966611 -0.002360545 -0.0008662535 0.002624744
-0.003899187 -0.001987592 0.009212784 -0.008283077 -0.0002637899
-0.01175038 0.001619557 0.008674098 -0.001832275 -0.003090152
Positive rate for exposures: 
0.06 0.31 0.72 0.85 0.02
0.02 0.02 0.06 0.04 0.03
0.05 0.03 0.04 0.02 0.02
0.03 0.01 0.04 0.02 0.02
0 0.06 0.05 0.04 0.01
0.02 0.04 0.05 0.02 0.03
Standard Deviations of Betas: 
0.06322992 0.06546384 0.07011331 0.08208707 0.05978039
0.06259754 0.05028777 0.06077571 0.06802471 0.05857822
0.06604065 0.06208103 0.06333093 0.06380215 0.06192752
0.05853627 0.06465074 0.06540432 0.05298069 0.06291142
0.05287232 0.06739219 0.06403493 0.06738107 0.06106278
0.06428869 0.05909929 0.06630022 0.0618613 0.0551425
Average StdErrors for Betas: 
0.06157484 0.06294923 0.06756359 0.0686238 0.06334805
0.06401089 0.06081398 0.06263628 0.06525797 0.06337307
0.06446423 0.06291757 0.06336972 0.06410649 0.06660124
0.06613691 0.0616354 0.06334202 0.06204376 0.06643985
0.06072815 0.06465443 0.06338025 0.0657891 0.06474226
0.06455216 0.06337351 0.06607011 0.06286037 0.06454423
Q-value positive rate for exposures: 
0 0.07 0.35 0.66 0
0 0 0 0 0
0.01 0 0 0 0
0 0 0 0 0
0 0.01 0 0 0
0 0 0.01 0 0
Precision/Recall/F1 based on p-values:
0.7106227 0.485 0.576523
Precision/Recall/F1 based on Q-values:
0.972973 0.27 0.4227006
Power at FPR threshold of 0.05: 
0.16 0.39 0.77 0.87
