Average Estimates for Betas: 
0.0536047 0.07382626 0.1360393 0.1976756 0.0003165388
0.002969406 -0.004564422 0.003098116 -0.007940898 0.005711608
0.0009012345 -0.009029288 -0.007033377 -0.001075344 0.008236619
-0.002040084 -0.004119416 -0.00288674 0.0002616887 0.0013245
0.001984717 -0.0001548942 0.0104884 -0.001679443 -0.005249811
-0.01352929 -0.006389906 0.006748142 0.005929006 -0.004563663
Positive rate for exposures: 
0.15 0.4 0.7 0.74 0.03
0.07 0.04 0.06 0.05 0.04
0.1 0.02 0.03 0.02 0.03
0.04 0.05 0.05 0.03 0.06
0.02 0.04 0.06 0.04 0.08
0.05 0.06 0.09 0.06 0.05
Standard Deviations of Betas: 
0.07719546 0.07498164 0.09100107 0.1320665 0.06352711
0.08597912 0.0837212 0.07797544 0.08135712 0.06965656
0.08450823 0.06370165 0.07367906 0.06935699 0.07824424
0.07029165 0.06167472 0.06935418 0.06870929 0.07852207
0.07034386 0.08275039 0.09402044 0.08682197 0.08233215
0.06954027 0.07089105 0.08869458 0.06851444 0.07501223
Average StdErrors for Betas: 
0.06349524 0.05808996 0.06583561 0.07220015 0.06106253
0.0695876 0.0622483 0.06461709 0.0674608 0.06286508
0.06806767 0.06359324 0.06921967 0.06864792 0.06927813
0.06763292 0.06045698 0.06326692 0.06355858 0.06725694
0.06034633 0.07181235 0.0680675 0.07110657 0.06742541
0.06212542 0.06791079 0.06855295 0.06864239 0.065309
Q-value positive rate for exposures: 
0.07 0.15 0.42 0.62 0
0.01 0 0 0 0.01
0.01 0 0.01 0 0
0 0 0 0 0
0 0 0 0 0
0 0.01 0.02 0 0.02
Precision/Recall/F1 based on p-values:
0.6104294 0.4975 0.5482094
Precision/Recall/F1 based on Q-values:
0.9333333 0.315 0.471028
Power at FPR threshold of 0.05: 
0.15 0.4 0.71 0.74
