Average Estimates for Betas: 
0.04510561 0.07837506 0.1614259 0.2529748 0.003105498
-0.001719022 0.002224051 0.005189051 0.002376402 0.003971912
0.006739542 -0.002179567 -0.001115535 -0.002314878 0.00350978
6.139722e-05 -0.00245205 0.002457841 -0.005873389 0.001084192
-0.002726707 -0.001657557 0.005235273 0.000550274 0.004299087
-0.007146782 -0.0008821947 0.004304725 -0.004732462 -0.006995643
Positive rate for exposures: 
0.19 0.49 0.89 0.95 0.02
0.02 0.03 0.06 0.05 0.02
0.07 0.03 0.03 0.02 0.02
0.05 0.06 0.05 0.02 0.04
0.03 0.09 0.03 0.02 0.06
0.05 0.04 0.09 0.12 0.03
Standard Deviations of Betas: 
0.04607055 0.05858794 0.05768623 0.06561405 0.04572059
0.04968934 0.04392308 0.05314943 0.05594714 0.04062698
0.05290358 0.04340338 0.0486611 0.04406598 0.04861641
0.04466551 0.04795377 0.04952385 0.04142709 0.0491884
0.04169815 0.06073558 0.05171665 0.05041616 0.05424484
0.05112042 0.04582023 0.0628386 0.05212724 0.04624891
Average StdErrors for Betas: 
0.04653188 0.04695147 0.05018242 0.04879511 0.04743889
0.04861729 0.04533589 0.047696 0.04965427 0.0472914
0.04804161 0.04796274 0.04769667 0.04847576 0.05037431
0.05022284 0.0465931 0.04763417 0.04656597 0.05093215
0.04556805 0.04932015 0.04747234 0.0494309 0.04885156
0.0486669 0.04817705 0.05045782 0.04758497 0.04832016
Q-value positive rate for exposures: 
0.05 0.26 0.6 0.87 0.01
0 0.01 0 0 0.01
0.02 0 0 0 0
0.01 0 0.01 0 0.01
0 0.03 0.01 0 0
0 0 0.02 0 0.02
Precision/Recall/F1 based on p-values:
0.6866485 0.63 0.6571056
Precision/Recall/F1 based on Q-values:
0.9175258 0.445 0.5993266
Power at FPR threshold of 0.05: 
0.22 0.52 0.89 0.95
