Average Estimates for Betas: 
0.03062107 0.08855934 0.1432665 0.2143232 -0.001552803
-0.002141164 0.005449064 0.0003472365 0.002277374 -0.008543978
0.006003418 0.008861882 -0.01347809 -0.0028155 0.00744312
-0.003681972 -0.009553013 0.001998984 -0.006300824 0.01349851
0.001244929 0.004224361 -0.001593554 0.006462629 0.001337913
0.012725 -0.007881139 0.002971911 -0.0188239 -0.00719336
Positive rate for exposures: 
0.14 0.46 0.68 0.81 0.03
0.04 0.05 0.04 0.05 0.04
0.04 0.05 0.11 0.03 0.07
0.06 0.03 0.05 0.03 0.05
0.03 0.06 0.03 0.03 0.06
0.06 0.1 0.04 0.09 0.04
Standard Deviations of Betas: 
0.08642327 0.1040056 0.0904257 0.1464915 0.06807891
0.08308652 0.08534041 0.08096349 0.08688559 0.08125968
0.07852813 0.08249735 0.0984894 0.07494117 0.08314247
0.08380616 0.07594629 0.0750726 0.0833762 0.06639722
0.08632159 0.07582246 0.07312662 0.06538432 0.08248959
0.07807581 0.08996874 0.0772285 0.09488445 0.07180331
Average StdErrors for Betas: 
0.07467808 0.06346244 0.07384265 0.07042297 0.06808552
0.07175785 0.06668738 0.07530629 0.07189154 0.06834112
0.07096463 0.07284892 0.06813642 0.06621532 0.07275363
0.07314522 0.07187618 0.07103767 0.07177059 0.07028458
0.07445284 0.06342453 0.071212 0.06471317 0.07455299
0.06825291 0.06439648 0.07253461 0.07012488 0.06628916
Q-value positive rate for exposures: 
0 0.2 0.48 0.66 0
0 0 0.02 0 0.02
0 0 0 0.01 0
0.01 0.01 0.02 0 0.01
0 0 0 0 0
0.01 0.01 0 0 0
Precision/Recall/F1 based on p-values:
0.6147059 0.5225 0.5648649
Precision/Recall/F1 based on Q-values:
0.9178082 0.335 0.4908425
Power at FPR threshold of 0.05: 
0.14 0.46 0.68 0.81
