Average Estimates for Betas: 
0.02936105 0.0916349 0.1697286 0.2546473 -0.009218849
-0.01159572 0.0004082902 -0.009079241 -0.02161099 -0.0100025
-0.002780123 -0.0005802126 -0.009753712 -0.001056276 0.005230718
0.001168084 -0.00247708 0.006408781 -0.001539396 -0.002945606
6.499522e-05 0.0002540175 0.004015696 0.008691423 -0.002385618
0.006593653 -0.004726816 0.002197864 -0.01281803 -0.004895249
Positive rate for exposures: 
0.18 0.5 0.8 0.9 0.06
0.06 0.09 0.08 0.12 0.11
0.03 0.15 0.12 0.06 0.09
0.08 0.06 0.08 0.07 0.04
0.07 0.08 0.05 0.05 0.07
0.11 0.12 0.07 0.11 0.07
Standard Deviations of Betas: 
0.07282929 0.06760856 0.07315218 0.08219993 0.0614947
0.05719087 0.05410748 0.07638014 0.07365043 0.08029446
0.05970077 0.07513325 0.07637349 0.06839015 0.06763469
0.05697038 0.05385559 0.0602248 0.06570242 0.06410168
0.06293581 0.0581174 0.05470755 0.0611232 0.06600824
0.06090478 0.06869561 0.06995618 0.06774924 0.05944228
Average StdErrors for Betas: 
0.05276565 0.05144587 0.05453789 0.05498818 0.0504654
0.05129204 0.04854769 0.05356308 0.05474063 0.05283442
0.0536359 0.05101269 0.05339745 0.05165058 0.05281318
0.05105009 0.05229152 0.05182786 0.05194048 0.05168041
0.05313975 0.05304161 0.05311616 0.05131374 0.05394059
0.05178917 0.05098031 0.05357544 0.05172802 0.05109529
Q-value positive rate for exposures: 
0.04 0.27 0.6 0.85 0.01
0.01 0.03 0.03 0.02 0.02
0 0.02 0.03 0.01 0.02
0.01 0.01 0.02 0.02 0.02
0.01 0.01 0.01 0.02 0.02
0.01 0.02 0.02 0.01 0.01
Precision/Recall/F1 based on p-values:
0.53125 0.595 0.5613208
Precision/Recall/F1 based on Q-values:
0.8073394 0.44 0.5695793
Power at FPR threshold of 0.05: 
0.13 0.43 0.77 0.88
