Average Estimates for Betas: 
0.03896314 0.08873665 0.1636728 0.2469483 0.007782601
0.009782251 -0.008676126 -0.007108791 -0.008955698 0.009845828
-0.000623575 0.003374335 0.007831681 -8.381316e-06 0.0008732894
0.0001896864 -0.00305035 -0.01474923 0.01167079 0.008949543
0.004956492 -0.002996752 -0.01192717 0.002848047 -0.003085985
0.01172858 -0.0006648078 0.00247285 0.005815641 -0.003435039
Positive rate for exposures: 
0.15 0.46 0.88 0.97 0.04
0.07 0.08 0.08 0.05 0.12
0.05 0.07 0.07 0.03 0.05
0 0.08 0.06 0.07 0.04
0.06 0.05 0.07 0.04 0.07
0.07 0.08 0.05 0.04 0.08
Standard Deviations of Betas: 
0.05342874 0.05448445 0.0560966 0.05974794 0.05433561
0.05276479 0.05670008 0.05144391 0.04448334 0.05864517
0.05281489 0.05177644 0.05189992 0.06214253 0.04429926
0.05392674 0.05503034 0.05142224 0.05233816 0.04519071
0.04661192 0.04846722 0.04768441 0.04765857 0.05091648
0.0515143 0.05133093 0.05387964 0.05510746 0.05854864
Average StdErrors for Betas: 
0.04913766 0.04865935 0.04705226 0.04513078 0.04573418
0.04709707 0.04739666 0.04546423 0.04401699 0.04915331
0.04526527 0.04757208 0.04788152 0.05053106 0.04556116
0.04887575 0.04821229 0.04679508 0.04849616 0.04602802
0.04814223 0.04750524 0.04715616 0.04744578 0.04563782
0.04474775 0.0469286 0.04758079 0.04822303 0.04795428
Q-value positive rate for exposures: 
0.06 0.27 0.69 0.91 0
0 0.01 0.01 0.01 0.02
0.02 0.01 0.01 0.01 0.01
0 0.01 0.01 0.01 0
0.01 0 0 0.01 0
0.01 0.02 0 0.01 0.02
Precision/Recall/F1 based on p-values:
0.6104218 0.615 0.6127024
Precision/Recall/F1 based on Q-values:
0.8976744 0.4825 0.6276423
Power at FPR threshold of 0.05: 
0.13 0.42 0.88 0.97
