Average Estimates for Betas: 
0.03455102 0.07815164 0.1516298 0.2228856 -0.008811756
-0.002945032 -0.01060769 0.004517415 -0.001258068 0.009668689
0.006798936 0.008141548 0.01422943 0.001386707 0.01334443
0.00696542 -0.006276789 -0.02617237 0.005525568 -0.002044601
-0.001872988 0.008281146 -0.009451091 0.009215958 -0.005839968
0.01749981 -0.01038088 -0.006882337 0.01026538 -0.0006380441
Positive rate for exposures: 
0.11 0.28 0.58 0.8 0.03
0.04 0.06 0.03 0.01 0.04
0.02 0.05 0 0.03 0.04
0.03 0.05 0.02 0.06 0.03
0.02 0.03 0.03 0.03 0.02
0.02 0.07 0.03 0.03 0.04
Standard Deviations of Betas: 
0.1056708 0.09708785 0.09209092 0.1375759 0.09295034
0.1005404 0.1064591 0.1185398 0.08833595 0.0888017
0.08833706 0.08864816 0.08507774 0.08470257 0.08454089
0.08311102 0.09162681 0.08903286 0.09369387 0.09144607
0.08293469 0.1016972 0.08347343 0.09579993 0.08664272
0.090395 0.08838772 0.09126348 0.08710949 0.09938745
Average StdErrors for Betas: 
0.08508811 0.08545795 0.08285042 0.08249772 0.08369969
0.0853585 0.08734172 0.08728835 0.08888843 0.08214203
0.08271552 0.08001962 0.088988 0.08266054 0.08538959
0.08271728 0.08418511 0.07903474 0.08515784 0.08577958
0.08131714 0.08933087 0.08255587 0.08519098 0.07875393
0.08063165 0.08009018 0.08406155 0.08130297 0.08524058
Q-value positive rate for exposures: 
0.01 0.1 0.29 0.54 0
0 0 0 0 0.01
0 0 0 0 0.01
0 0 0 0 0
0 0 0 0.01 0.01
0 0.01 0 0 0
Precision/Recall/F1 based on p-values:
0.6730038 0.4425 0.5339367
Precision/Recall/F1 based on Q-values:
0.9494949 0.235 0.3767535
Power at FPR threshold of 0.05: 
0.13 0.3 0.65 0.81
