Average Estimates for Betas: 
0.03260775 0.07695171 0.1422908 0.2148252 -0.000891353
0.002507201 -0.004553632 -0.00180432 -0.001589774 0.0139911
0.008039249 0.005293567 0.01270409 0.003398099 0.003832575
0.0006522101 -0.007054225 -0.01760048 0.002770263 0.0009374267
-0.0003313473 0.002820892 -0.007054684 0.009976411 -0.008465722
0.01632581 -0.008298234 0.006034469 0.004482559 -0.002863931
Positive rate for exposures: 
0.12 0.39 0.71 0.82 0.04
0.06 0.09 0.07 0.02 0.07
0.02 0.06 0.06 0.03 0.04
0 0.1 0.04 0.05 0.04
0.05 0.06 0.06 0.05 0.05
0.04 0.08 0.06 0.06 0.06
Standard Deviations of Betas: 
0.07834634 0.07907531 0.08371409 0.1268468 0.06952384
0.08466048 0.0913325 0.08458906 0.07531353 0.07193238
0.07403862 0.07538979 0.0633002 0.07307524 0.07263257
0.07652084 0.08282689 0.07195473 0.07458972 0.07451277
0.06664093 0.08176572 0.06268144 0.08044572 0.07675016
0.07397073 0.07406205 0.07589057 0.06860364 0.085127
Average StdErrors for Betas: 
0.06747508 0.06837346 0.06493395 0.06287877 0.06735666
0.06929463 0.07002549 0.07202892 0.07438396 0.06545515
0.06532304 0.06241072 0.07121022 0.06553365 0.06849403
0.06510448 0.06750089 0.06318276 0.06746743 0.06924967
0.06371532 0.07245075 0.06558085 0.06879793 0.06188315
0.06363383 0.06266416 0.06711375 0.06446552 0.06926006
Q-value positive rate for exposures: 
0.03 0.2 0.55 0.74 0
0.01 0.02 0 0 0.01
0 0 0 0 0.01
0 0 0 0.01 0
0.01 0 0 0.01 0
0 0.01 0.01 0 0
Precision/Recall/F1 based on p-values:
0.6 0.51 0.5513514
Precision/Recall/F1 based on Q-values:
0.9382716 0.38 0.5409253
Power at FPR threshold of 0.05: 
0.12 0.39 0.71 0.82
