Average Estimates for Betas: 
0.03707299 0.08609145 0.1671098 0.2451562 0.007244116
0.007648736 -0.01505814 -0.0005892043 -0.007273454 0.009439557
0.003261651 0.009087178 0.007254962 0.001658838 0.007817404
0.001876457 -0.006407904 -0.01464874 0.009912695 0.009515914
0.0001220945 -0.001381865 -0.009526582 0.004142818 -0.0006178369
0.01508464 -0.000788563 -0.002005601 0.001370182 -0.006335341
Positive rate for exposures: 
0.07 0.28 0.72 0.94 0.03
0.02 0.04 0.04 0.01 0.03
0.02 0.01 0.02 0.01 0.05
0 0.03 0.05 0.07 0.03
0.05 0 0.01 0.04 0.03
0.03 0.05 0.02 0.01 0.04
Standard Deviations of Betas: 
0.06796527 0.06845528 0.05584881 0.07073216 0.06116641
0.06503934 0.06388845 0.06254951 0.05408776 0.06146114
0.05638875 0.05798737 0.05681976 0.0659509 0.05563867
0.05965899 0.06970408 0.06091788 0.06441493 0.06244082
0.06850958 0.05641939 0.05699831 0.06255205 0.05890353
0.06414689 0.07142023 0.05790922 0.06197231 0.06017976
Average StdErrors for Betas: 
0.06542107 0.06511405 0.06439165 0.064835 0.06182774
0.06285308 0.06401873 0.06122958 0.059462 0.06524283
0.0615523 0.06425826 0.06465593 0.06750572 0.0623479
0.06566911 0.06444886 0.06218161 0.06497848 0.06199598
0.06491132 0.06398588 0.06347916 0.06339431 0.0617631
0.06115075 0.06344173 0.06390269 0.06428176 0.06387839
Q-value positive rate for exposures: 
0.03 0.12 0.43 0.69 0
0 0 0 0 0
0 0 0 0 0
0 0 0 0 0
0 0 0 0 0
0 0.01 0 0 0
Precision/Recall/F1 based on p-values:
0.7309091 0.5025 0.5955556
Precision/Recall/F1 based on Q-values:
0.9921875 0.3175 0.4810606
Power at FPR threshold of 0.05: 
0.07 0.37 0.78 0.96
